timestamp,event_type,current_dir,potential_dir,net_qty,total_qty,dominance,obi,price,prediction_prob,is_high_impact,ma_20,rsi_14,stoch_k,stoch_d,boll_upper,boll_lower,price_change_since_last_flip
2025-11-25T23:30:54.676782,PREDICTION,,LONG,9.5890,17.8230,0.5380,0.5293,86895.05,0.50,True,86895.05,50.00,50.00,50.00,86895.05,86895.05,0.0000
2025-11-25T23:30:57.788449,PREDICTION,,LONG,12.3020,20.5360,0.5990,0.5878,86901.25,0.75,True,86901.25,100.00,0.00,0.00,86901.25,86901.25,0.0071
2025-11-25T23:31:01.110662,DECAY,,SHORT,-1.8080,34.6460,0.0522,-0.3994,86908.35,0.00,False,86908.35,50.00,50.00,50.00,86908.35,86908.35,0.0153
2025-11-25T23:31:04.094723,DECAY,,LONG,0.4890,36.9430,0.0132,-0.9901,86887.85,0.00,False,86887.85,0.00,0.00,0.00,86887.85,86887.85,-0.0083
2025-11-25T23:31:06.911016,DECAY,,SHORT,-2.2980,39.7300,0.0578,-0.5988,86868.15,0.00,False,86869.62,0.00,50.00,50.00,86871.19,86868.05,-0.0310
2025-11-25T23:31:07.695930,DECAY,,SHORT,-0.7130,41.3150,0.0173,-0.4332,86848.10,0.00,False,86846.78,100.00,50.00,50.00,86847.60,86845.96,-0.0540
2025-11-25T23:31:07.984181,DECAY,,LONG,0.4730,42.5010,0.0111,0.7550,86855.75,0.00,False,86853.87,100.00,0.00,0.00,86856.07,86851.67,-0.0452
2025-11-25T23:31:13.722391,DECAY,,SHORT,-2.5880,45.5620,0.0568,-0.9459,86864.10,0.00,False,86864.60,0.00,0.00,0.00,86864.92,86864.27,-0.0356
2025-11-25T23:31:17.472288,DECAY,,SHORT,-5.4890,44.4530,0.1235,-0.2817,86845.65,0.00,False,86845.65,50.00,50.00,50.00,86845.65,86845.65,-0.0569
2025-11-25T23:31:19.012860,DECAY,,SHORT,-3.4760,42.4400,0.0819,0.3599,86857.95,0.00,False,86857.95,100.00,0.00,0.00,86857.95,86857.95,-0.0427
2025-11-25T23:31:19.963093,DECAY,,SHORT,-2.3730,43.5430,0.0545,0.4028,86858.45,0.00,False,86858.45,100.00,0.00,0.00,86858.45,86858.45,-0.0421
2025-11-25T23:31:21.248174,DECAY,,SHORT,-1.2170,44.6990,0.0272,0.7513,86882.35,0.00,False,86882.35,50.00,50.00,50.00,86882.35,86882.35,-0.0146
2025-11-25T23:31:22.805100,DECAY,,SHORT,-1.5970,44.3190,0.0360,0.4033,86882.35,0.00,False,86882.35,50.00,50.00,50.00,86882.35,86882.35,-0.0146
2025-11-25T23:31:24.321116,DECAY,,SHORT,-3.0230,45.7450,0.0661,0.2675,86896.65,0.00,False,86896.65,0.00,0.00,0.00,86896.65,86896.65,0.0018
2025-11-25T23:31:24.998119,DECAY,,SHORT,-14.6650,37.1830,0.3944,-0.6418,86895.45,0.00,False,86895.45,0.00,0.00,0.00,86895.45,86895.45,0.0005
2025-11-25T23:31:27.677676,PREDICTION,,SHORT,-16.2300,38.7480,0.4189,-0.2714,86893.65,0.75,True,86893.81,0.00,0.00,0.00,86894.24,86893.38,-0.0016
2025-11-25T23:31:28.437146,PREDICTION,,SHORT,-17.4830,37.4950,0.4663,0.9418,86891.35,0.55,True,86889.39,100.00,50.00,50.00,86891.37,86887.42,-0.0043
2025-11-25T23:31:28.555382,PREDICTION,,SHORT,-16.2030,38.7750,0.4179,0.9740,86907.25,0.55,True,86906.92,100.00,0.00,0.00,86907.89,86905.95,0.0140
2025-11-25T23:31:29.317449,DECAY,,SHORT,-14.9830,39.9950,0.3746,0.2194,86916.00,0.00,False,86914.93,100.00,50.00,50.00,86915.48,86914.38,0.0241
2025-11-25T23:31:30.665770,DECAY,,SHORT,-13.4460,41.5320,0.3238,-0.5250,86913.95,0.00,False,86913.95,50.00,50.00,50.00,86913.95,86913.95,0.0218
2025-11-25T23:31:31.419964,DECAY,,LONG,4.3490,31.1070,0.1398,0.4924,86922.75,0.00,False,86920.21,100.00,50.00,50.00,86923.78,86916.64,0.0319
2025-11-25T23:31:32.764148,DECAY,,LONG,2.2420,33.2140,0.0675,0.6283,86924.75,0.00,False,86924.75,50.00,50.00,50.00,86924.75,86924.75,0.0342
2025-11-25T23:31:33.346502,DECAY,,LONG,3.2420,34.2140,0.0948,0.4302,86924.75,0.00,False,86924.75,50.00,50.00,50.00,86924.75,86924.75,0.0342
2025-11-25T23:31:37.948591,DECAY,,LONG,1.0810,28.6110,0.0378,-0.5108,86938.75,0.00,False,86938.75,0.00,0.00,0.00,86938.75,86938.75,0.0503
2025-11-25T23:31:38.228582,DECAY,,SHORT,-1.6410,28.9610,0.0567,-0.9912,86932.75,0.00,False,86932.88,0.00,0.00,0.00,86933.08,86932.68,0.0434
2025-11-25T23:31:38.409535,DECAY,,LONG,0.8590,31.4610,0.0273,0.1763,86924.75,0.00,False,86924.75,50.00,50.00,50.00,86924.75,86924.75,0.0342
2025-11-25T23:31:41.903206,DECAY,,SHORT,-1.3370,33.6570,0.0397,-0.2242,86924.65,0.00,False,86924.65,50.00,50.00,50.00,86924.65,86924.65,0.0341
2025-11-25T23:31:42.922632,DECAY,,SHORT,-2.3370,34.6570,0.0674,0.1282,86924.65,0.00,False,86924.65,50.00,50.00,50.00,86924.65,86924.65,0.0341
2025-11-25T23:31:43.420043,DECAY,,SHORT,-1.2510,35.7430,0.0350,0.0291,86924.65,0.00,False,86924.65,50.00,50.00,50.00,86924.65,86924.65,0.0341
2025-11-25T23:31:44.833444,DECAY,,LONG,2.8780,33.7500,0.0853,-0.1623,86919.05,0.00,False,86919.05,0.00,0.00,0.00,86919.05,86919.05,0.0276
2025-11-25T23:31:46.720554,DECAY,,LONG,4.8830,35.7550,0.1366,-0.2284,86918.95,0.00,False,86918.95,50.00,50.00,50.00,86918.95,86918.95,0.0275
2025-11-25T23:31:47.033958,DECAY,,LONG,3.4430,37.1950,0.0926,-0.1940,86918.95,0.00,False,86918.95,50.00,50.00,50.00,86918.95,86918.95,0.0275
2025-11-25T23:31:49.598052,DECAY,,LONG,11.5620,39.3140,0.2941,-0.2699,86922.90,0.00,False,86922.58,100.00,0.00,0.00,86923.88,86921.29,0.0321
2025-11-25T23:31:52.908320,DECAY,,LONG,9.0890,36.8410,0.2467,0.6924,86934.35,0.00,False,86934.35,100.00,0.00,0.00,86934.35,86934.35,0.0452
2025-11-25T23:31:53.286864,DECAY,,LONG,10.7380,38.4900,0.2790,0.7687,86949.95,0.00,False,86949.95,50.00,50.00,50.00,86949.95,86949.95,0.0632
2025-11-25T23:31:53.293640,DECAY,,LONG,11.9810,39.7330,0.3015,0.7687,86962.05,0.00,False,86961.90,85.96,100.00,100.00,86962.15,86961.65,0.0771
2025-11-25T23:31:54.263068,DECAY,,LONG,10.9770,40.7370,0.2695,-0.5579,86962.45,0.00,False,86962.45,0.00,0.00,0.00,86962.45,86962.45,0.0776
2025-11-25T23:31:56.506919,DECAY,,LONG,12.8600,38.8540,0.3310,0.1127,86943.05,0.00,False,86943.05,50.00,50.00,50.00,86943.05,86943.05,0.0552
2025-11-25T23:31:57.097504,DECAY,,LONG,14.2540,40.2480,0.3542,0.1816,86943.05,0.00,False,86943.05,50.00,50.00,50.00,86943.05,86943.05,0.0552
2025-11-25T23:31:58.425155,DECAY,,LONG,13.7840,40.7180,0.3385,-0.2247,86943.05,0.00,False,86943.05,50.00,50.00,50.00,86943.05,86943.05,0.0552
2025-11-25T23:31:58.862148,DECAY,,LONG,12.4450,39.3790,0.3160,0.7200,86943.05,0.00,False,86943.05,50.00,50.00,50.00,86943.05,86943.05,0.0552
2025-11-25T23:32:01.242762,DECAY,,LONG,11.6240,38.5580,0.3015,0.8095,86970.05,0.00,False,86970.01,100.00,0.00,0.00,86970.14,86969.87,0.0863
2025-11-25T23:32:01.259987,DECAY,,LONG,13.7830,40.7170,0.3385,0.9499,86975.95,0.00,False,86971.78,100.00,0.00,0.00,86974.76,86968.80,0.0931
2025-11-25T23:32:02.475607,DECAY,,LONG,13.1020,40.0360,0.3273,0.2859,86980.55,0.00,False,86980.55,50.00,50.00,50.00,86980.55,86980.55,0.0984
2025-11-25T23:32:02.804944,PREDICTION,,LONG,20.2090,42.9290,0.4708,-0.9869,86970.05,0.55,True,86970.05,0.00,0.00,0.00,86970.05,86970.05,0.0863
2025-11-25T23:32:04.090800,PREDICTION,,LONG,20.2090,42.9290,0.4708,-0.1896,86943.05,0.55,True,86943.05,50.00,50.00,50.00,86943.05,86943.05,0.0552
2025-11-25T23:32:04.418993,PREDICTION,,LONG,23.8380,46.5580,0.5120,-0.0168,86947.35,0.55,True,86943.57,100.00,50.00,50.00,86946.21,86940.93,0.0602
2025-11-25T23:32:05.850300,PREDICTION,,LONG,22.3540,48.0420,0.4653,-0.9705,86950.35,0.55,True,86950.35,50.00,50.00,50.00,86950.35,86950.35,0.0636
2025-11-25T23:32:06.883854,PREDICTION,,LONG,23.5060,49.1940,0.4778,0.1540,86944.95,0.75,True,86944.38,100.00,0.00,0.00,86945.36,86943.39,0.0574
2025-11-25T23:32:07.114384,PREDICTION,,LONG,24.7680,50.4560,0.4909,0.7672,86954.25,0.75,True,86954.17,100.00,0.00,0.00,86954.36,86953.97,0.0681
2025-11-25T23:32:08.469614,PREDICTION,,LONG,26.1530,46.6370,0.5608,0.8392,86955.85,0.75,True,86955.85,100.00,0.00,0.00,86955.85,86955.85,0.0700
2025-11-25T23:32:08.602104,DECAY,,LONG,18.2760,54.5140,0.3353,0.6423,86959.45,0.00,False,86959.45,50.00,50.00,50.00,86959.45,86959.45,0.0041
2025-11-25T23:32:11.882068,DECAY,,LONG,11.6520,61.1380,0.1906,-0.2117,86974.05,0.00,False,86974.05,0.00,0.00,0.00,86974.05,86974.05,0.0209
2025-11-25T23:32:13.249999,DECAY,,LONG,9.3430,63.4470,0.1473,-0.2134,86954.85,0.00,False,86959.37,0.00,50.00,50.00,86963.81,86954.93,-0.0012
2025-11-25T23:32:13.280390,DECAY,,LONG,8.0670,64.7230,0.1246,-0.2134,86950.45,0.00,False,86950.45,50.00,50.00,50.00,86950.45,86950.45,-0.0062
2025-11-25T23:32:15.396679,DECAY,,LONG,0.8900,67.5920,0.0132,-0.0637,86941.05,0.00,False,86941.05,0.00,0.00,0.00,86941.05,86941.05,-0.0170
2025-11-25T23:32:16.332105,DECAY,,SHORT,-0.2480,68.7300,0.0036,-0.9186,86933.95,0.00,False,86933.95,50.00,50.00,50.00,86933.95,86933.95,-0.0252
2025-11-25T23:32:17.824899,DECAY,,LONG,2.3670,68.4650,0.0346,0.1126,86943.60,0.00,False,86941.90,59.56,50.00,50.00,86954.27,86929.54,-0.0141
2025-11-25T23:32:17.831760,DECAY,,LONG,3.4900,69.5880,0.0502,0.1126,86943.60,0.00,False,86943.60,59.56,100.00,100.00,86943.60,86943.60,-0.0141
2025-11-25T23:32:17.833717,DECAY,,LONG,5.4120,71.5100,0.0757,0.1126,86943.60,0.00,False,86943.60,59.56,100.00,100.00,86943.60,86943.60,-0.0141
2025-11-25T23:32:17.835583,DECAY,,LONG,7.7290,73.8270,0.1047,0.1126,86943.60,0.00,False,86943.60,59.56,100.00,100.00,86943.60,86943.60,-0.0141
2025-11-25T23:32:17.837678,DECAY,,LONG,9.8540,75.9520,0.1297,0.1126,86943.60,0.00,False,86943.60,59.56,100.00,100.00,86943.60,86943.60,-0.0141
2025-11-25T23:32:17.839421,DECAY,,LONG,12.1750,78.2730,0.1555,0.1126,86943.60,0.00,False,86943.60,59.56,100.00,100.00,86943.60,86943.60,-0.0141
2025-11-25T23:32:17.879707,DECAY,,LONG,10.4750,79.9730,0.1310,0.1126,86943.55,0.00,False,86943.55,50.00,50.00,50.00,86943.55,86943.55,-0.0141
2025-11-25T23:32:20.313982,DECAY,,LONG,6.3580,75.8560,0.0838,0.4211,86958.05,0.00,False,86958.05,50.00,50.00,50.00,86958.05,86958.05,0.0025
2025-11-25T23:32:20.569460,DECAY,,LONG,7.4840,76.9820,0.0972,0.5956,86958.05,0.00,False,86958.05,50.00,50.00,50.00,86958.05,86958.05,0.0025
2025-11-25T23:32:21.329278,DECAY,,LONG,5.0340,79.4320,0.0634,-0.3171,86958.05,0.00,False,86958.05,50.00,50.00,50.00,86958.05,86958.05,0.0025
2025-11-25T23:32:22.334068,DECAY,,LONG,6.5240,80.9220,0.0806,0.2888,86958.05,0.00,False,86958.05,50.00,50.00,50.00,86958.05,86958.05,0.0025
2025-11-25T23:32:27.087883,DECAY,,LONG,8.9060,79.1300,0.1125,-0.2889,86943.95,0.00,False,86943.57,100.00,50.00,50.00,86943.99,86943.15,-0.0137
2025-11-25T23:32:27.700380,DECAY,,LONG,9.6710,79.8950,0.1210,0.5658,86948.95,0.00,False,86948.91,100.00,0.00,0.00,86948.95,86948.87,-0.0079
2025-11-25T23:32:29.644978,DECAY,,LONG,12.6330,78.7870,0.1603,-0.4689,86958.45,0.00,False,86958.45,50.00,50.00,50.00,86958.45,86958.45,0.0030
2025-11-25T23:32:33.404362,DECAY,,LONG,1.5340,67.6880,0.0227,-0.1903,86949.05,0.00,False,86949.05,50.00,50.00,50.00,86949.05,86949.05,-0.0078
2025-11-25T23:32:33.515065,DECAY,,LONG,0.3780,68.8440,0.0055,-0.3385,86949.05,0.00,False,86949.05,50.00,50.00,50.00,86949.05,86949.05,-0.0078
2025-11-25T23:32:34.045003,DECAY,,LONG,2.4160,70.8820,0.0341,-0.8813,86924.85,0.00,False,86924.85,50.00,50.00,50.00,86924.85,86924.85,-0.0357
2025-11-25T23:32:34.051383,DECAY,,LONG,1.2940,72.0040,0.0180,-0.8813,86924.85,0.00,False,86924.85,50.00,50.00,50.00,86924.85,86924.85,-0.0357
2025-11-25T23:32:34.258426,DECAY,,LONG,2.0020,72.7120,0.0275,0.0254,86921.95,0.00,False,86921.95,100.00,0.00,0.00,86921.95,86921.95,-0.0390
2025-11-25T23:32:34.265362,DECAY,,LONG,3.0030,73.7130,0.0407,0.0254,86923.05,0.00,False,86923.05,100.00,0.00,0.00,86923.05,86923.05,-0.0377
2025-11-25T23:32:34.415601,DECAY,,LONG,0.8390,71.5490,0.0117,0.7171,86923.05,0.00,False,86923.05,50.00,50.00,50.00,86923.05,86923.05,-0.0377
2025-11-25T23:32:35.082899,DECAY,,LONG,2.5930,73.3030,0.0354,0.7185,86926.85,0.00,False,86926.85,100.00,0.00,0.00,86926.85,86926.85,-0.0334
2025-11-25T23:32:36.265207,DECAY,,LONG,2.6990,73.1970,0.0369,0.1203,86933.85,0.00,False,86933.85,50.00,50.00,50.00,86933.85,86933.85,-0.0253
2025-11-25T23:32:41.647827,DECAY,,LONG,10.8790,65.6230,0.1658,0.2922,86953.95,0.00,False,86953.95,50.00,50.00,50.00,86953.95,86953.95,-0.0022
2025-11-25T23:32:41.769789,DECAY,,LONG,13.4530,68.1970,0.1973,0.5846,86956.15,0.00,False,86955.52,100.00,0.00,0.00,86956.71,86954.33,0.0003
2025-11-25T23:32:41.846128,DECAY,,LONG,8.9460,72.7040,0.1230,0.9870,86956.75,0.00,False,86956.75,50.00,50.00,50.00,86956.75,86956.75,0.0010
2025-11-25T23:32:41.882001,DECAY,,LONG,17.2450,67.7550,0.2545,0.9870,86963.75,0.00,False,86957.17,100.00,50.00,50.00,86960.30,86954.04,0.0091
2025-11-25T23:32:42.315711,DECAY,,LONG,15.2400,69.7600,0.2185,0.3816,86975.25,0.00,False,86975.25,50.00,50.00,50.00,86975.25,86975.25,0.0223
2025-11-25T23:32:42.564830,DECAY,,LONG,13.9070,71.0930,0.1956,-0.2840,86974.55,0.00,False,86974.55,0.00,0.00,0.00,86974.55,86974.55,0.0215
2025-11-25T23:32:43.605189,DECAY,,LONG,24.4910,68.1150,0.3596,-0.4404,86952.95,0.00,False,86952.36,100.00,50.00,50.00,86953.19,86951.52,-0.0033
2025-11-25T23:32:45.074492,DECAY,,LONG,22.6300,69.9760,0.3234,0.1266,86954.25,0.00,False,86954.25,50.00,50.00,50.00,86954.25,86954.25,-0.0018
2025-11-25T23:32:49.662557,PREDICTION,,LONG,23.3620,54.9860,0.4249,-0.9589,86957.40,0.55,True,86956.07,99.74,100.00,66.67,86956.83,86955.31,0.0018
2025-11-25T23:32:51.990442,PREDICTION,,LONG,22.6840,51.4080,0.4413,0.3669,86958.25,0.75,True,86958.25,50.00,50.00,50.00,86958.25,86958.25,0.0010
2025-11-25T23:32:52.657948,PREDICTION,,LONG,26.2620,54.9860,0.4776,-0.1482,86959.45,0.55,True,86958.40,100.00,50.00,50.00,86959.17,86957.63,0.0024
2025-11-25T23:32:52.737347,PREDICTION,,LONG,27.3750,56.0990,0.4880,0.9811,86961.05,0.75,True,86961.05,100.00,0.00,0.00,86961.05,86961.05,0.0042
2025-11-25T23:32:53.340001,PREDICTION,,LONG,26.0810,57.3930,0.4544,0.3157,86963.25,0.75,True,86963.35,0.00,0.00,0.00,86964.10,86962.60,0.0067
2025-11-25T23:32:54.579874,PREDICTION,,LONG,28.0840,59.3960,0.4728,-0.8700,86964.85,0.55,True,86964.85,50.00,50.00,50.00,86964.85,86964.85,0.0086
2025-11-25T23:32:57.234194,PREDICTION,,LONG,30.2390,61.5510,0.4913,-0.9328,86961.30,0.55,True,86958.49,100.00,50.00,50.00,86960.42,86956.55,0.0045
2025-11-25T23:32:58.534172,PREDICTION,,LONG,31.9270,63.2390,0.5049,0.0340,86972.55,0.55,True,86971.47,100.00,50.00,50.00,86972.21,86970.73,0.0129
2025-11-25T23:32:58.681102,PREDICTION,,LONG,32.9270,64.2390,0.5126,0.9678,86976.85,0.75,True,86976.83,100.00,0.00,0.00,86976.93,86976.73,0.0179
2025-11-25T23:33:00.358586,PREDICTION,,LONG,28.6320,63.8780,0.4482,-0.3174,86979.95,0.55,True,86979.95,51.85,0.00,0.00,86979.95,86979.95,0.0214
2025-11-25T23:33:00.506195,DECAY,,LONG,25.7700,66.7400,0.3861,-0.9899,86967.65,0.00,False,86968.62,0.00,0.00,0.00,86969.77,86967.48,0.0073
2025-11-25T23:33:03.746868,PREDICTION,,LONG,27.2520,65.9100,0.4135,0.6186,86929.95,0.75,True,86928.06,100.00,50.00,50.00,86930.30,86925.82,-0.0361
2025-11-25T23:33:04.031889,PREDICTION,,LONG,30.6170,69.2750,0.4420,0.7744,86941.75,0.75,True,86941.75,50.00,50.00,50.00,86941.75,86941.75,0.0136
2025-11-25T23:33:04.089645,PREDICTION,,LONG,28.1460,67.6700,0.4159,0.8414,86941.75,0.75,True,86941.75,50.00,50.00,50.00,86941.75,86941.75,0.0136
2025-11-25T23:33:04.342380,DECAY,,LONG,24.3750,66.0230,0.3692,0.6195,86941.75,0.00,False,86941.75,50.00,50.00,50.00,86941.75,86941.75,0.0136
2025-11-25T23:33:04.708086,DECAY,,LONG,23.9100,65.5580,0.3647,-0.2144,86930.75,0.00,False,86930.75,0.00,0.00,0.00,86930.75,86930.75,0.0009
2025-11-25T23:33:07.326990,DECAY,,LONG,24.5970,63.4890,0.3874,-0.5208,86936.15,0.00,False,86936.15,50.00,50.00,50.00,86936.15,86936.15,0.0071
2025-11-25T23:33:07.539186,DECAY,,LONG,23.0980,64.9880,0.3554,-0.2640,86936.15,0.00,False,86936.15,50.00,50.00,50.00,86936.15,86936.15,0.0071
2025-11-25T23:33:08.157136,DECAY,,LONG,24.9780,66.8680,0.3735,0.9536,86959.05,0.00,False,86958.76,100.00,0.00,0.00,86959.95,86957.57,0.0335
2025-11-25T23:33:08.161983,DECAY,,LONG,26.2890,68.1790,0.3856,0.9536,86959.05,0.00,False,86959.05,100.00,0.00,0.00,86959.05,86959.05,0.0335
2025-11-25T23:33:08.321043,DECAY,,LONG,27.9210,69.8110,0.4000,0.0957,86959.05,0.00,False,86959.05,50.00,50.00,50.00,86959.05,86959.05,0.0335
2025-11-25T23:33:10.424641,PREDICTION,,LONG,29.3880,71.2780,0.4123,-0.0574,86959.05,0.55,True,86959.05,50.00,50.00,50.00,86959.05,86959.05,0.0335
2025-11-25T23:33:19.362491,PREDICTION,,LONG,21.9290,54.6330,0.4014,0.0392,86949.75,0.55,True,86949.85,0.00,0.00,50.00,86950.13,86949.57,-0.0107
2025-11-25T23:33:21.543812,DECAY,,LONG,11.9890,52.8550,0.2268,-0.3497,86966.65,0.00,False,86966.65,50.00,50.00,50.00,86966.65,86966.65,0.0194
2025-11-25T23:33:23.164992,DECAY,,LONG,7.8450,46.7110,0.1679,0.1589,86966.65,0.00,False,86966.65,50.00,50.00,50.00,86966.65,86966.65,0.0194
2025-11-25T23:33:24.820153,DECAY,,LONG,4.1120,46.4380,0.0885,-0.5119,86965.25,0.00,False,86965.32,0.00,0.00,0.00,86965.49,86965.14,0.0178
2025-11-25T23:33:28.913650,DECAY,,SHORT,-5.9220,36.4040,0.1627,0.7471,86977.35,0.00,False,86975.66,100.00,50.00,50.00,86977.08,86974.24,0.0317
2025-11-25T23:33:31.244576,DECAY,,LONG,0.4570,33.1250,0.0138,0.8653,86987.75,0.00,False,86987.75,100.00,0.00,0.00,86987.75,86987.75,0.0437
2025-11-25T23:33:34.603116,DECAY,,SHORT,-0.0970,27.3370,0.0035,0.9335,86999.95,0.00,False,86999.95,100.00,0.00,0.00,86999.95,86999.95,0.0577
2025-11-25T23:33:34.615958,DECAY,,LONG,1.6720,29.1060,0.0574,0.9335,86999.95,0.00,False,86999.95,100.00,0.00,0.00,86999.95,86999.95,0.0577
2025-11-25T23:33:34.651836,DECAY,,LONG,9.8190,37.2530,0.2636,0.9335,86999.95,0.00,False,86999.95,50.00,50.00,50.00,86999.95,86999.95,0.0577
2025-11-25T23:33:35.096518,PREDICTION,,LONG,49.2980,76.7320,0.6425,-0.3310,87000.20,0.55,True,87000.01,100.00,50.00,50.00,87000.17,86999.85,0.0580
2025-11-25T23:33:35.140983,PREDICTION,,LONG,50.4450,77.8790,0.6477,0.9408,87006.75,0.75,True,87006.26,100.00,0.00,0.00,87007.17,87005.34,0.0656
2025-11-25T23:33:35.478444,PREDICTION,,LONG,47.7380,80.5860,0.5924,0.2600,87027.95,0.75,True,87027.95,0.00,0.00,0.00,87027.95,87027.95,0.0899
2025-11-25T23:33:35.497044,PREDICTION,,LONG,46.2520,82.0720,0.5636,0.2600,87027.15,0.75,True,87027.87,0.00,50.00,50.00,87028.31,87027.44,0.0890
2025-11-25T23:33:35.637532,PREDICTION,,LONG,43.8520,84.4720,0.5191,-0.9851,87021.45,0.55,True,87021.76,0.00,0.00,0.00,87022.12,87021.39,0.0825
2025-11-25T23:33:36.029624,PREDICTION,,LONG,45.2510,85.8710,0.5270,-0.8006,87018.45,0.55,True,87016.69,69.58,100.00,100.00,87018.53,87014.86,0.0790
2025-11-25T23:33:36.039193,PREDICTION,,LONG,47.6480,88.2680,0.5398,-0.8006,87012.35,0.55,True,87012.37,24.93,0.00,0.00,87012.42,87012.32,0.0720
2025-11-25T23:33:36.043369,PREDICTION,,LONG,48.6920,89.3120,0.5452,-0.8006,87012.35,0.55,True,87012.35,24.93,0.00,0.00,87012.35,87012.35,0.0720
2025-11-25T23:33:36.046518,PREDICTION,,LONG,47.5380,90.4660,0.5255,-0.8006,87012.35,0.55,True,87012.35,24.93,0.00,0.00,87012.35,87012.35,0.0720
2025-11-25T23:33:36.051718,PREDICTION,,LONG,46.2780,91.7260,0.5045,-0.8006,87012.35,0.55,True,87012.35,24.93,0.00,0.00,87012.35,87012.35,0.0720
2025-11-25T23:33:36.054291,PREDICTION,,LONG,43.9590,94.0450,0.4674,-0.8006,87012.35,0.55,True,87012.35,24.93,0.00,0.00,87012.35,87012.35,0.0720
2025-11-25T23:33:36.056358,PREDICTION,,LONG,42.0340,95.9700,0.4380,-0.8006,87012.35,0.55,True,87012.35,24.93,0.00,0.00,87012.35,87012.35,0.0720
2025-11-25T23:33:36.058497,PREDICTION,,LONG,39.7170,98.2870,0.4041,-0.8006,87012.35,0.55,True,87012.35,24.93,0.00,0.00,87012.35,87012.35,0.0720
2025-11-25T23:33:40.230673,DECAY,,LONG,33.9380,92.2940,0.3677,0.1023,87006.35,0.00,False,87006.35,50.00,50.00,50.00,87006.35,87006.35,0.0651
2025-11-25T23:33:43.123632,DECAY,,LONG,34.7850,93.1410,0.3735,0.8211,87012.35,0.00,False,87011.78,100.00,50.00,50.00,87012.51,87011.05,0.0720
2025-11-25T23:33:44.353872,DECAY,,LONG,35.8400,94.1960,0.3805,0.9525,87032.45,0.00,False,87032.45,50.00,50.00,50.00,87032.45,87032.45,0.0951
2025-11-25T23:33:44.474190,DECAY,,LONG,34.1190,95.9170,0.3557,0.9738,87034.55,0.00,False,87034.55,50.00,50.00,50.00,87034.55,87034.55,0.0975
2025-11-25T23:33:44.680417,DECAY,,LONG,35.3690,97.1670,0.3640,0.9490,87034.85,0.00,False,87034.71,100.00,0.00,0.00,87034.84,87034.58,0.0979
2025-11-25T23:33:45.029579,DECAY,,LONG,36.8240,98.6220,0.3734,0.2975,87044.95,0.00,False,87044.95,50.00,50.00,50.00,87044.95,87044.95,0.1095
2025-11-25T23:33:46.034969,PREDICTION,,LONG,42.3490,104.1470,0.4066,0.5039,87045.10,0.75,True,87044.96,100.00,50.00,50.00,87045.04,87044.88,0.1097
2025-11-25T23:33:47.667026,PREDICTION,,LONG,44.1200,105.9180,0.4165,0.7485,87041.85,0.75,True,87041.85,50.00,50.00,50.00,87041.85,87041.85,-0.0037
2025-11-25T23:33:47.896381,PREDICTION,,LONG,47.8530,109.6510,0.4364,0.4162,87045.65,0.75,True,87045.65,100.00,0.00,0.00,87045.65,87045.65,0.0006
2025-11-25T23:33:48.220138,PREDICTION,,LONG,46.7090,110.7950,0.4216,0.1438,87043.35,0.55,True,87044.40,0.00,50.00,50.00,87046.72,87042.07,-0.0020
2025-11-25T23:33:48.558974,PREDICTION,,LONG,48.0080,112.0940,0.4283,-0.6869,87041.85,0.55,True,87041.85,50.00,50.00,50.00,87041.85,87041.85,-0.0037
2025-11-25T23:33:49.433054,PREDICTION,,LONG,65.1680,119.0280,0.5475,0.0118,87046.35,0.55,True,87046.35,100.00,0.00,0.00,87046.35,87046.35,0.0014
2025-11-25T23:33:50.826359,PREDICTION,,LONG,61.1630,123.0330,0.4971,-0.3490,87034.15,0.55,True,87036.80,0.00,0.00,0.00,87039.21,87034.40,-0.0126
2025-11-25T23:33:54.170266,PREDICTION,,LONG,71.0310,124.7390,0.5694,-0.9560,87019.25,0.55,True,87019.25,50.00,50.00,50.00,87019.25,87019.25,-0.0297
2025-11-25T23:33:55.082483,PREDICTION,,LONG,75.3450,123.0050,0.6125,0.7306,87019.25,0.75,True,87019.25,50.00,50.00,50.00,87019.25,87019.25,0.0000
2025-11-25T23:34:00.146357,PREDICTION,,LONG,75.3520,123.0120,0.6126,0.5958,87020.95,0.75,True,87020.86,100.00,0.00,0.00,87021.32,87020.41,0.0020
2025-11-25T23:34:00.786002,PREDICTION,,LONG,73.6160,124.7480,0.5901,0.4555,87043.45,0.75,True,87043.45,50.00,50.00,50.00,87043.45,87043.45,0.0259
2025-11-25T23:34:01.585505,PREDICTION,,LONG,73.8830,125.0150,0.5910,-0.1512,87052.75,0.55,True,87046.91,100.00,0.00,0.00,87053.38,87040.44,0.0365
2025-11-25T23:34:01.864241,PREDICTION,,LONG,72.6580,126.2400,0.5756,0.5782,87064.85,0.75,True,87064.85,50.00,50.00,50.00,87064.85,87064.85,0.0504
2025-11-25T23:34:02.029873,PREDICTION,,LONG,73.6740,127.2560,0.5789,0.0681,87064.85,0.55,True,87064.85,50.00,50.00,50.00,87064.85,87064.85,0.0504
2025-11-25T23:34:02.035131,PREDICTION,,LONG,75.0620,128.6440,0.5835,0.0681,87064.85,0.55,True,87064.85,50.00,50.00,50.00,87064.85,87064.85,0.0504
2025-11-25T23:34:02.763560,PREDICTION,,LONG,73.3380,130.3680,0.5625,0.5824,87064.85,0.75,True,87064.85,50.00,50.00,50.00,87064.85,87064.85,0.0504
2025-11-25T23:34:04.241625,PREDICTION,,LONG,71.9310,131.7750,0.5459,-0.4046,87077.95,0.55,True,87077.95,50.00,50.00,50.00,87077.95,87077.95,0.0655
2025-11-25T23:34:05.227244,DECAY,,LONG,14.1080,83.4740,0.1690,-0.6255,87078.95,0.00,False,87078.95,50.00,50.00,50.00,87078.95,87078.95,0.0667
2025-11-25T23:34:06.615944,PREDICTION,,LONG,26.2470,64.4770,0.4071,-0.3231,87078.45,0.55,True,87078.45,50.00,50.00,50.00,87078.45,87078.45,0.0661
2025-11-25T23:34:07.382500,PREDICTION,,LONG,27.5070,65.7370,0.4184,0.4254,87079.15,0.75,True,87079.15,100.00,0.00,0.00,87079.15,87079.15,0.0669
2025-11-25T23:34:07.434403,PREDICTION,,LONG,29.6880,67.9180,0.4371,0.4254,87080.85,0.75,True,87080.32,100.00,0.00,0.00,87081.07,87079.57,0.0688
2025-11-25T23:34:07.670042,PREDICTION,,LONG,31.1320,69.3620,0.4488,0.7398,87086.35,0.75,True,87086.35,50.00,50.00,50.00,87086.35,87086.35,0.0752
2025-11-25T23:34:07.697810,PREDICTION,,LONG,32.2400,70.4700,0.4575,0.7398,87086.35,0.75,True,87086.35,50.00,50.00,50.00,87086.35,87086.35,0.0752
2025-11-25T23:34:08.707191,PREDICTION,,LONG,37.5470,75.7770,0.4955,-0.7858,87093.05,0.55,True,87093.05,50.00,50.00,50.00,87093.05,87093.05,0.0829
2025-11-25T23:34:12.915588,PREDICTION,,LONG,37.4330,75.8910,0.4932,-0.8179,87064.00,0.55,True,87064.46,0.00,0.00,0.00,87065.61,87063.32,0.0495
2025-11-25T23:34:15.103195,PREDICTION,,LONG,31.0270,70.1490,0.4423,-0.9248,87054.95,0.55,True,87054.95,50.00,50.00,50.00,87054.95,87054.95,-0.0104
2025-11-25T23:34:20.092565,DECAY,,LONG,5.4280,46.9980,0.1155,0.0752,87051.25,0.00,False,87051.25,50.00,50.00,50.00,87051.25,87051.25,-0.0146
2025-11-25T23:34:30.465470,DECAY,,SHORT,-1.1230,34.9870,0.0321,-0.2107,87024.15,0.00,False,87024.15,50.00,50.00,50.00,87024.15,87024.15,-0.0458
2025-11-25T23:34:31.728266,DECAY,,SHORT,-3.9220,34.1520,0.1148,-0.8425,87024.05,0.00,False,87024.05,0.00,0.00,0.00,87024.05,87024.05,-0.0459
2025-11-25T23:34:31.893991,DECAY,,SHORT,-0.6660,34.9580,0.0191,-0.8818,87024.05,0.00,False,87024.05,50.00,50.00,50.00,87024.05,87024.05,-0.0459
2025-11-25T23:34:34.737779,DECAY,,LONG,1.4630,30.8250,0.0475,-0.7731,87024.05,0.00,False,87024.05,51.85,0.00,0.00,87024.05,87024.05,-0.0459
2025-11-25T23:34:36.805526,DECAY,,LONG,3.7970,25.6690,0.1479,-0.0969,87011.85,0.00,False,87011.85,0.00,0.00,0.00,87011.85,87011.85,-0.0599
2025-11-25T23:34:39.693087,WARNING,,SHORT,-9.3540,16.2200,0.5767,-0.1367,87010.25,0.30,False,87014.43,0.00,50.00,50.00,87016.73,87012.13,-0.0617
2025-11-25T23:34:40.331990,PREDICTION,,SHORT,-11.0240,17.8900,0.6162,0.6263,87005.35,0.55,True,87005.35,50.00,50.00,50.00,87005.35,87005.35,-0.0674
2025-11-25T23:34:41.761061,PREDICTION,,SHORT,-12.6220,19.4880,0.6477,-0.2781,87005.25,0.75,True,87005.25,0.00,0.00,0.00,87005.25,87005.25,-0.0675
2025-11-25T23:34:45.282368,PREDICTION,,SHORT,-12.6800,19.5460,0.6487,0.1582,87001.60,0.55,True,87011.78,0.00,50.00,50.00,87022.72,87000.84,-0.0717
2025-11-25T23:34:45.286847,PREDICTION,,SHORT,-13.7140,20.5800,0.6664,0.1582,87001.60,0.55,True,87011.78,0.00,50.00,50.00,87022.72,87000.84,0.0000
2025-11-25T23:34:45.298332,PREDICTION,,SHORT,-16.0390,22.9050,0.7002,0.1582,86996.65,0.55,True,86998.56,0.00,0.00,0.00,87003.12,86994.01,-0.0057
2025-11-25T23:34:45.302383,PREDICTION,,SHORT,-17.3450,24.2110,0.7164,0.1582,86996.65,0.55,True,86996.65,0.00,0.00,0.00,86996.65,86996.65,-0.0057
2025-11-25T23:34:45.305046,PREDICTION,,SHORT,-20.1270,26.9930,0.7456,0.1582,86996.65,0.55,True,86996.65,0.00,0.00,0.00,86996.65,86996.65,-0.0057
2025-11-25T23:34:45.307752,PREDICTION,,SHORT,-21.8510,28.7170,0.7609,0.1582,86992.20,0.55,True,86993.40,0.00,0.00,0.00,86994.82,86991.98,-0.0108
2025-11-25T23:34:45.309916,MONITOR,SHORT,SHORT,-23.7660,30.6320,0.7759,0.1582,86992.20,0.00,False,86993.40,0.00,0.00,0.00,86994.82,86991.98,-0.0108
2025-11-25T23:34:45.312222,MONITOR,SHORT,SHORT,-26.0910,32.9570,0.7917,0.1582,86992.20,0.00,False,86993.40,0.00,0.00,0.00,86994.82,86991.98,-0.0108
2025-11-25T23:34:45.315085,MONITOR,SHORT,SHORT,-28.4130,35.2790,0.8054,0.1582,86992.20,0.00,False,86993.40,0.00,0.00,0.00,86994.82,86991.98,-0.0108
2025-11-25T23:34:45.320732,MONITOR,SHORT,SHORT,-27.1820,36.5100,0.7445,0.1582,86993.30,0.00,False,86992.81,73.93,100.00,100.00,86993.55,86992.08,-0.0095
2025-11-25T23:34:47.472844,MONITOR,SHORT,SHORT,-33.2850,42.6130,0.7811,0.9781,86997.30,0.00,False,87000.35,0.00,0.00,0.00,87003.78,86996.92,-0.0049
2025-11-25T23:34:47.477296,MONITOR,SHORT,SHORT,-34.3190,43.6470,0.7863,0.9781,86997.30,0.00,False,87000.35,0.00,0.00,0.00,87003.78,86996.92,-0.0049
2025-11-25T23:35:02.314176,MONITOR,SHORT,SHORT,-31.1090,36.3750,0.8552,-0.5824,86976.30,0.00,False,86976.81,0.00,50.00,50.00,86977.61,86976.01,-0.0291
2025-11-25T23:35:03.970813,MONITOR,SHORT,SHORT,-33.0760,38.3420,0.8627,-0.3207,86946.65,0.00,False,86946.65,0.00,0.00,0.00,86946.65,86946.65,-0.0632
2025-11-25T23:35:04.892862,MONITOR,SHORT,SHORT,-31.0060,40.4120,0.7672,-0.8830,86915.20,0.00,False,86915.09,99.99,100.00,100.00,86915.22,86914.95,-0.0993
2025-11-25T23:35:08.494379,MONITOR,SHORT,SHORT,-27.6790,41.7070,0.6637,0.9734,86918.20,0.00,False,86917.73,78.16,0.00,0.00,86919.60,86915.85,-0.0959
2025-11-25T23:35:09.280920,MONITOR,SHORT,SHORT,-28.7140,42.7420,0.6718,0.1622,86911.60,0.00,False,86911.60,0.00,0.00,0.00,86911.60,86911.60,-0.1034
2025-11-25T23:35:10.212320,MONITOR,SHORT,SHORT,-32.4890,46.5170,0.6984,-0.2032,86895.45,0.00,False,86897.81,0.00,0.00,50.00,86901.70,86893.92,-0.1220
2025-11-25T23:35:10.638530,MONITOR,SHORT,SHORT,-32.2110,46.2390,0.6966,-0.1454,86884.65,0.00,False,86884.65,0.00,0.00,0.00,86884.65,86884.65,-0.1344
2025-11-25T23:35:11.480254,DECAY,SHORT,SHORT,-28.4560,49.9940,0.5692,0.1685,86880.05,0.00,False,86880.05,50.00,50.00,50.00,86880.05,86880.05,-0.1397
2025-11-25T23:35:12.115660,DECAY,SHORT,SHORT,-28.6420,50.1800,0.5708,-0.0087,86880.05,0.00,False,86880.05,50.00,50.00,50.00,86880.05,86880.05,-0.1397
2025-11-25T23:35:12.616973,DECAY,SHORT,SHORT,-23.6040,55.2180,0.4275,-0.3478,86879.35,0.00,False,86879.35,50.00,50.00,50.00,86879.35,86879.35,-0.1405
2025-11-25T23:35:13.099250,DECAY,SHORT,SHORT,-25.9120,57.5260,0.4504,-0.4537,86879.35,0.00,False,86879.35,50.00,50.00,50.00,86879.35,86879.35,-0.1405
2025-11-25T23:35:20.799683,DECAY,SHORT,LONG,7.7090,38.1730,0.2019,0.0927,86852.25,0.00,False,86851.37,100.00,50.00,50.00,86852.41,86850.34,-0.1717
2025-11-25T23:35:20.867933,DECAY,SHORT,LONG,6.7090,39.1730,0.1713,0.0927,86859.65,0.00,False,86859.30,100.00,0.00,0.00,86860.28,86858.32,-0.1632
2025-11-25T23:35:23.160133,DECAY,SHORT,SHORT,-1.8610,47.7430,0.0390,-0.0926,86841.35,0.00,False,86849.18,0.00,50.00,50.00,86854.54,86843.82,-0.1842
2025-11-25T23:35:23.170566,DECAY,SHORT,SHORT,-2.9000,48.7820,0.0594,-0.0926,86841.05,0.00,False,86841.24,31.38,90.93,91.30,86845.92,86836.56,-0.1845
2025-11-25T23:35:23.174793,DECAY,SHORT,SHORT,-5.2200,51.1020,0.1021,-0.0926,86841.05,0.00,False,86841.05,31.38,100.00,100.00,86841.05,86841.05,-0.1845
2025-11-25T23:35:23.177806,DECAY,SHORT,SHORT,-6.2260,52.1080,0.1195,-0.0926,86841.05,0.00,False,86841.05,31.38,100.00,100.00,86841.05,86841.05,-0.1845
2025-11-25T23:35:23.180443,DECAY,SHORT,SHORT,-8.9190,54.8010,0.1628,-0.0926,86841.05,0.00,False,86841.05,31.38,100.00,100.00,86841.05,86841.05,-0.1845
2025-11-25T23:35:23.183151,DECAY,SHORT,SHORT,-10.0230,55.9050,0.1793,-0.0926,86841.05,0.00,False,86841.05,31.38,100.00,100.00,86841.05,86841.05,-0.1845
2025-11-25T23:35:25.536377,DECAY,SHORT,SHORT,-12.7910,58.6730,0.2180,-0.3068,86834.05,0.00,False,86834.05,50.00,50.00,50.00,86834.05,86834.05,-0.1926
2025-11-25T23:35:27.335626,DECAY,SHORT,SHORT,-11.5620,59.9020,0.1930,0.6810,86832.95,0.00,False,86832.95,100.00,0.00,0.00,86832.95,86832.95,-0.1938
2025-11-25T23:35:28.073868,DECAY,SHORT,SHORT,-10.0180,61.4460,0.1630,0.7463,86835.65,0.00,False,86833.72,100.00,50.00,50.00,86834.80,86832.64,-0.1907
2025-11-25T23:35:29.334198,DECAY,SHORT,SHORT,-8.4060,63.0580,0.1333,0.6831,86847.15,0.00,False,86847.15,50.00,50.00,50.00,86847.15,86847.15,-0.1775
2025-11-25T23:35:32.122950,DECAY,SHORT,SHORT,-3.6210,67.8430,0.0534,0.6234,86851.85,0.00,False,86851.85,100.00,0.00,0.00,86851.85,86851.85,-0.1721
2025-11-25T23:35:32.872020,DECAY,SHORT,SHORT,-1.4860,67.7380,0.0219,0.7735,86852.45,0.00,False,86852.45,100.00,0.00,0.00,86852.45,86852.45,-0.1714
2025-11-25T23:35:33.212836,DECAY,SHORT,SHORT,-3.4560,69.7080,0.0496,-0.7940,86860.05,0.00,False,86860.05,50.00,50.00,50.00,86860.05,86860.05,-0.1627
2025-11-25T23:35:34.277264,DECAY,SHORT,SHORT,-3.2380,69.4900,0.0466,-0.5528,86855.95,0.00,False,86855.95,0.00,0.00,0.00,86855.95,86855.95,-0.1674
2025-11-25T23:35:37.704415,DECAY,SHORT,SHORT,-3.2810,69.4470,0.0472,0.9771,86860.05,0.00,False,86860.05,50.00,50.00,50.00,86860.05,86860.05,-0.1627
2025-11-25T23:35:44.621732,DECAY,SHORT,LONG,1.2600,49.6980,0.0254,-0.8484,86864.25,0.00,False,86864.25,50.00,50.00,50.00,86864.25,86864.25,-0.1579
2025-11-25T23:35:51.941607,DECAY,SHORT,SHORT,-4.7050,41.7330,0.1127,-0.1501,86853.75,0.00,False,86853.75,50.00,50.00,50.00,86853.75,86853.75,-0.1699
2025-11-25T23:35:52.164541,DECAY,SHORT,SHORT,-10.7020,47.7300,0.2242,-0.1281,86848.00,0.00,False,86848.18,0.00,0.00,0.00,86848.41,86847.94,-0.1765
2025-11-25T23:35:53.033018,DECAY,SHORT,SHORT,-11.7510,48.7790,0.2409,-0.8227,86816.35,0.00,False,86817.03,0.00,0.00,0.00,86818.64,86815.42,-0.2129
2025-11-25T23:35:53.426054,DECAY,SHORT,LONG,3.3730,33.6550,0.1002,-0.7923,86815.65,0.00,False,86816.13,0.00,50.00,50.00,86816.61,86815.66,-0.2137
2025-11-25T23:35:54.024627,DECAY,SHORT,LONG,2.3570,34.6710,0.0680,0.1913,86808.85,0.00,False,86808.85,50.00,50.00,50.00,86808.85,86808.85,-0.2215
2025-11-25T23:35:59.503952,DECAY,SHORT,LONG,2.0470,28.8250,0.0710,-0.7927,86811.95,0.00,False,86811.95,50.00,50.00,50.00,86811.95,86811.95,-0.2180
2025-11-25T23:36:00.073368,DECAY,SHORT,SHORT,-0.1040,30.9760,0.0034,-0.5553,86806.25,0.00,False,86806.93,0.00,50.00,50.00,86807.46,86806.40,-0.2245
2025-11-25T23:36:00.184287,DECAY,SHORT,SHORT,-3.0080,33.8800,0.0888,-0.8491,86800.05,0.00,False,86800.18,0.00,0.00,0.00,86800.56,86799.79,-0.2317
2025-11-25T23:36:01.211842,DECAY,SHORT,SHORT,-4.2910,35.1630,0.1220,-0.9892,86782.55,0.00,False,86782.55,0.00,0.00,0.00,86782.55,86782.55,-0.2518
2025-11-25T23:36:02.329956,DECAY,SHORT,SHORT,-6.6640,32.7900,0.2032,0.7915,86793.85,0.00,False,86792.08,100.00,50.00,50.00,86794.37,86789.79,-0.2388
2025-11-25T23:36:02.508939,DECAY,SHORT,SHORT,-10.3490,36.4750,0.2837,0.9667,86800.15,0.00,False,86800.15,100.00,0.00,0.00,86800.15,86800.15,-0.2315
2025-11-25T23:36:05.299414,DECAY,SHORT,SHORT,-8.7970,32.8930,0.2674,-0.3478,86802.05,0.00,False,86802.05,50.00,50.00,50.00,86802.05,86802.05,-0.2294
2025-11-25T23:36:09.916580,DECAY,SHORT,SHORT,-13.7210,30.9590,0.4432,0.1073,86796.05,0.00,False,86796.05,50.00,50.00,50.00,86796.05,86796.05,-0.2363
2025-11-25T23:36:12.413758,DECAY,SHORT,SHORT,-9.2780,35.4020,0.2621,0.0175,86803.55,0.00,False,86803.55,76.85,0.00,66.67,86803.55,86803.55,-0.2276
2025-11-25T23:36:17.366345,DECAY,SHORT,SHORT,-11.6300,33.0500,0.3519,0.4790,86817.25,0.00,False,86816.07,100.00,50.00,50.00,86816.85,86815.30,-0.2119
2025-11-25T23:36:18.040314,DECAY,SHORT,SHORT,-9.8470,34.8330,0.2827,0.5321,86822.95,0.00,False,86822.95,100.00,0.00,0.00,86822.95,86822.95,-0.2053
2025-11-25T23:36:20.972384,DECAY,SHORT,SHORT,-11.3620,36.3480,0.3126,-0.5072,86826.15,0.00,False,86826.15,50.00,50.00,50.00,86826.15,86826.15,-0.2017
2025-11-25T23:36:22.422291,DECAY,SHORT,SHORT,-5.7140,30.0020,0.1905,0.1770,86820.65,0.00,False,86820.65,50.00,50.00,50.00,86820.65,86820.65,-0.2080
2025-11-25T23:36:22.933893,DECAY,SHORT,SHORT,-4.2170,31.4990,0.1339,-0.1889,86820.65,0.00,False,86820.65,50.00,50.00,50.00,86820.65,86820.65,-0.2080
2025-11-25T23:36:24.863584,DECAY,SHORT,SHORT,-1.5490,28.8310,0.0537,-0.7119,86800.55,0.00,False,86800.55,50.00,50.00,50.00,86800.55,86800.55,-0.2311
2025-11-25T23:36:25.497751,DECAY,SHORT,LONG,2.4430,32.8230,0.0744,0.3725,86807.25,0.00,False,86807.25,100.00,0.00,0.00,86807.25,86807.25,-0.2234
2025-11-25T23:36:27.929982,DECAY,SHORT,LONG,4.4140,34.7940,0.1269,-0.4081,86793.85,0.00,False,86792.45,100.00,50.00,50.00,86793.70,86791.20,-0.2388
2025-11-25T23:36:33.804860,DECAY,SHORT,LONG,7.2930,24.4770,0.2980,-0.7725,86805.75,0.00,False,86805.75,50.00,50.00,50.00,86805.75,86805.75,-0.2251
2025-11-25T23:36:36.606011,PREDICTION,SHORT,LONG,10.7320,25.6120,0.4190,0.1673,86807.25,0.75,True,86806.79,100.00,0.00,50.00,86808.14,86805.44,-0.2234
2025-11-25T23:36:36.608907,PREDICTION,SHORT,LONG,14.0970,28.9770,0.4865,0.1673,86807.25,0.75,True,86806.79,100.00,0.00,50.00,86808.14,86805.44,-0.2234
2025-11-25T23:36:39.039382,PREDICTION,SHORT,LONG,15.1490,30.0290,0.5045,0.4359,86821.95,0.75,True,86821.95,100.00,0.00,0.00,86821.95,86821.95,-0.2065
2025-11-25T23:36:39.086444,PREDICTION,SHORT,LONG,16.1890,31.0690,0.5211,0.8646,86823.85,0.75,True,86823.85,100.00,0.00,0.00,86823.85,86823.85,0.0022
2025-11-25T23:36:39.285225,PREDICTION,SHORT,LONG,18.7590,33.6390,0.5577,0.6757,86828.95,0.75,True,86828.74,100.00,0.00,0.00,86828.98,86828.49,0.0081
2025-11-25T23:36:39.690965,PREDICTION,SHORT,LONG,20.0090,34.8890,0.5735,0.9858,86845.65,0.75,True,86845.60,100.00,0.00,0.00,86845.70,86845.50,0.0273
2025-11-25T23:36:43.420239,PREDICTION,SHORT,LONG,19.4970,31.3870,0.6212,0.8118,86863.15,0.75,True,86861.65,100.00,50.00,50.00,86863.43,86859.87,0.0475
2025-11-25T23:36:44.687844,PREDICTION,SHORT,LONG,20.6150,32.5050,0.6342,0.5993,86875.95,0.75,True,86875.95,50.00,50.00,50.00,86875.95,86875.95,0.0622
2025-11-25T23:36:52.385637,PREDICTION,SHORT,LONG,20.2120,29.0720,0.6952,-0.9815,86832.15,0.55,True,86832.15,50.00,50.00,50.00,86832.15,86832.15,-0.0504
2025-11-25T23:37:00.783898,DECAY,SHORT,LONG,8.6410,23.6210,0.3658,0.9578,86828.75,0.00,False,86828.75,50.00,50.00,50.00,86828.75,86828.75,-0.0039
2025-11-25T23:37:01.407395,PREDICTION,SHORT,LONG,10.7070,25.6870,0.4168,0.8482,86844.70,0.75,True,86843.72,100.00,50.00,50.00,86844.20,86843.24,0.0145
2025-11-25T23:37:02.325130,DECAY,SHORT,LONG,9.6380,26.7560,0.3602,0.2937,86869.15,0.00,False,86869.85,0.00,0.00,0.00,86871.01,86868.68,0.0426
2025-11-25T23:37:09.420085,DECAY,SHORT,LONG,3.8730,14.1410,0.2739,-0.7022,86862.05,0.00,False,86862.05,50.00,50.00,50.00,86862.05,86862.05,0.0344
2025-11-25T23:37:09.548730,DECAY,SHORT,LONG,2.8220,15.1920,0.1858,-0.7287,86848.65,0.00,False,86849.69,0.00,0.00,0.00,86851.02,86848.37,0.0190
2025-11-25T23:37:21.701163,DECAY,SHORT,SHORT,-2.9820,11.3880,0.2619,-0.5588,86855.15,0.00,False,86855.15,50.00,50.00,50.00,86855.15,86855.15,0.0265
2025-11-25T23:37:24.942587,DECAY,SHORT,SHORT,-2.9950,11.3750,0.2633,0.4702,86845.55,0.00,False,86845.55,50.00,50.00,50.00,86845.55,86845.55,0.0154
2025-11-25T23:37:30.737993,PREDICTION,SHORT,LONG,11.7330,26.1030,0.4495,0.9625,86847.75,0.75,True,86845.62,100.00,50.00,50.00,86847.40,86843.83,0.0180
2025-11-25T23:37:37.116122,PREDICTION,SHORT,LONG,15.8310,19.9330,0.7942,0.3560,86848.75,0.75,True,86848.65,100.00,0.00,0.00,86848.80,86848.51,0.0012
2025-11-25T23:37:38.667575,MONITOR,LONG,LONG,14.1240,21.6400,0.6527,-0.9115,86858.15,0.00,False,86858.15,50.00,50.00,50.00,86858.15,86858.15,0.0108
2025-11-25T23:37:41.088620,MONITOR,LONG,LONG,25.6540,31.0680,0.8257,-0.4537,86853.95,0.00,False,86850.59,100.00,50.00,50.00,86854.04,86847.14,0.0060
2025-11-25T23:37:41.180597,MONITOR,LONG,LONG,28.8570,34.2710,0.8420,0.9896,86862.55,0.00,False,86862.55,100.00,0.00,0.00,86862.55,86862.55,0.0159
2025-11-25T23:37:42.787515,MONITOR,LONG,LONG,27.7730,35.3550,0.7855,-0.9758,86896.55,0.00,False,86896.55,51.85,0.00,0.00,86896.55,86896.55,0.0550
2025-11-25T23:37:47.797277,MONITOR,LONG,LONG,30.6520,38.2340,0.8017,0.2252,86887.15,0.00,False,86887.15,50.00,50.00,50.00,86887.15,86887.15,0.0442
2025-11-25T23:37:49.042369,MONITOR,LONG,LONG,32.4870,40.0690,0.8108,-0.6611,86897.60,0.00,False,86895.92,61.96,50.00,50.00,86899.21,86892.63,0.0562
2025-11-25T23:37:49.044849,MONITOR,LONG,LONG,34.3380,41.9200,0.8191,-0.6611,86897.60,0.00,False,86895.92,61.96,50.00,50.00,86899.21,86892.63,0.0562
2025-11-25T23:37:49.047001,MONITOR,LONG,LONG,36.7870,44.3690,0.8291,-0.6611,86897.95,0.00,False,86896.70,64.52,50.00,50.00,86900.13,86893.27,0.0567
2025-11-25T23:37:51.400928,MONITOR,LONG,LONG,34.0030,47.1530,0.7211,-0.3200,86908.65,0.00,False,86909.96,0.00,0.00,0.00,86910.92,86909.00,0.0690
2025-11-25T23:38:00.274199,MONITOR,LONG,LONG,31.8660,47.2900,0.6738,0.0455,86919.25,0.00,False,86919.82,0.00,0.00,0.00,86920.86,86918.79,0.0812
2025-11-25T23:38:01.279642,DECAY,LONG,LONG,20.4100,35.8340,0.5696,0.7074,86921.05,0.00,False,86921.05,50.00,50.00,50.00,86921.05,86921.05,0.0832
2025-11-25T23:38:03.069624,DECAY,LONG,LONG,21.4120,36.8360,0.5813,0.7511,86932.65,0.00,False,86932.65,50.00,50.00,50.00,86932.65,86932.65,0.0966
2025-11-25T23:38:03.086215,DECAY,LONG,LONG,14.3960,43.8520,0.3283,0.7511,86929.15,0.00,False,86931.53,0.00,50.00,50.00,86934.10,86928.96,0.0926
2025-11-25T23:38:03.696471,DECAY,LONG,LONG,12.1670,46.0810,0.2640,-0.7666,86913.65,0.00,False,86913.65,0.00,0.00,0.00,86913.65,86913.65,0.0747
2025-11-25T23:38:06.722394,DECAY,LONG,LONG,11.1570,47.0910,0.2369,0.7052,86917.95,0.00,False,86917.95,50.00,50.00,50.00,86917.95,86917.95,0.0797
2025-11-25T23:38:14.941402,DECAY,LONG,SHORT,-0.7050,29.6470,0.0238,0.1980,86905.15,0.00,False,86905.15,50.00,50.00,50.00,86905.15,86905.15,0.0649
2025-11-25T23:38:22.100265,PREDICTION,LONG,SHORT,-8.2110,19.1250,0.4293,-0.9829,86892.90,0.50,True,86892.90,0.00,0.00,0.00,86892.90,86892.90,0.0508
2025-11-25T23:38:24.191368,DECAY,LONG,SHORT,-4.0040,23.3320,0.1716,-0.9041,86887.95,0.00,False,86887.95,100.00,0.00,0.00,86887.95,86887.95,-0.0057
2025-11-25T23:38:29.414513,DECAY,LONG,SHORT,-5.5600,24.8880,0.2234,0.2556,86867.85,0.00,False,86867.85,50.00,50.00,50.00,86867.85,86867.85,-0.0288
2025-11-25T23:38:31.566710,DECAY,LONG,SHORT,-5.3970,20.7770,0.2598,0.6976,86872.45,0.00,False,86871.73,100.00,0.00,0.00,86872.70,86870.75,-0.0235
2025-11-25T23:38:33.713761,DECAY,LONG,LONG,1.6180,11.7580,0.1376,-0.5847,86897.65,0.00,False,86897.65,0.00,0.00,0.00,86897.65,86897.65,0.0055
2025-11-25T23:38:42.880567,DECAY,LONG,LONG,0.8890,12.4870,0.0712,-0.0238,86940.95,0.00,False,86941.86,0.00,50.00,50.00,86942.59,86941.13,0.0553
2025-11-25T23:38:42.970056,DECAY,LONG,LONG,2.3970,13.9950,0.1713,-0.0238,86936.25,0.00,False,86936.25,50.00,50.00,50.00,86936.25,86936.25,0.0499
2025-11-25T23:38:44.544247,DECAY,LONG,SHORT,-0.8830,17.2750,0.0511,-0.3845,86924.20,0.00,False,86931.42,15.36,50.00,50.00,86942.17,86920.66,0.0360
2025-11-25T23:38:44.559136,DECAY,LONG,SHORT,-2.3010,18.6930,0.1231,-0.3845,86922.05,0.00,False,86922.05,97.71,0.00,0.00,86922.05,86922.05,0.0335
2025-11-25T23:38:49.418196,DECAY,LONG,SHORT,-2.2690,18.7250,0.1212,-0.0149,86911.25,0.00,False,86911.19,100.00,0.00,0.00,86911.29,86911.09,0.0211
2025-11-25T23:38:50.702624,DECAY,LONG,SHORT,-7.1490,23.6050,0.3029,0.4685,86912.95,0.00,False,86912.95,50.00,50.00,50.00,86912.95,86912.95,0.0231
2025-11-25T23:38:53.612703,DECAY,LONG,SHORT,-9.8730,26.3290,0.3750,0.7890,86917.65,0.00,False,86917.65,50.00,50.00,50.00,86917.65,86917.65,0.0285
2025-11-25T23:38:53.762642,DECAY,LONG,SHORT,-7.5730,28.6290,0.2645,0.3519,86917.65,0.00,False,86917.65,50.00,50.00,50.00,86917.65,86917.65,0.0285
2025-11-25T23:38:54.015786,DECAY,LONG,SHORT,-10.1250,31.1810,0.3247,-0.0318,86917.65,0.00,False,86917.65,50.00,50.00,50.00,86917.65,86917.65,0.0285
2025-11-25T23:38:57.447319,PREDICTION,LONG,SHORT,-16.0020,28.6440,0.5587,0.0282,86917.65,0.55,True,86917.65,50.00,50.00,50.00,86917.65,86917.65,0.0285
2025-11-25T23:38:59.008341,PREDICTION,LONG,SHORT,-13.7830,30.8630,0.4466,0.2730,86917.65,0.55,True,86917.65,50.00,50.00,50.00,86917.65,86917.65,0.0000
2025-11-25T23:39:00.278614,DECAY,LONG,SHORT,-9.2270,32.3070,0.2856,0.9762,86916.45,0.00,False,86916.45,100.00,0.00,0.00,86916.45,86916.45,-0.0014
2025-11-25T23:39:01.396175,DECAY,LONG,SHORT,-11.5430,34.6230,0.3334,0.3249,86933.70,0.00,False,86935.05,0.00,50.00,50.00,86936.56,86933.53,0.0185
2025-11-25T23:39:10.098823,DECAY,LONG,SHORT,-12.6740,33.1580,0.3822,0.9634,86925.95,0.00,False,86925.95,0.00,0.00,0.00,86925.95,86925.95,0.0095
2025-11-25T23:39:19.990823,DECAY,LONG,SHORT,-6.3410,26.6170,0.2382,0.2140,86976.55,0.00,False,86976.55,50.00,50.00,50.00,86976.55,86976.55,0.0678
2025-11-25T23:39:21.005506,DECAY,LONG,SHORT,-3.7620,24.0380,0.1565,-0.1006,86976.55,0.00,False,86976.55,50.00,50.00,50.00,86976.55,86976.55,0.0678
2025-11-25T23:39:21.080623,DECAY,LONG,SHORT,-0.5530,27.2470,0.0203,-0.1006,86980.05,0.00,False,86977.77,100.00,50.00,50.00,86981.20,86974.35,0.0718
2025-11-25T23:39:22.158082,DECAY,LONG,LONG,1.7290,29.5290,0.0586,0.9174,86980.05,0.00,False,86980.05,50.00,50.00,50.00,86980.05,86980.05,0.0718
2025-11-25T23:39:24.838337,DECAY,LONG,LONG,2.5690,24.0890,0.1066,0.0817,86987.75,0.00,False,86987.75,50.00,50.00,50.00,86987.75,86987.75,0.0807
2025-11-25T23:39:29.400418,DECAY,LONG,LONG,3.1880,21.3680,0.1492,0.9702,86990.45,0.00,False,86990.45,100.00,0.00,0.00,86990.45,86990.45,0.0838
2025-11-25T23:39:29.633817,DECAY,LONG,LONG,4.5240,22.7040,0.1993,0.4752,86990.75,0.00,False,86990.75,100.00,0.00,0.00,86990.75,86990.75,0.0841
2025-11-25T23:39:31.279594,DECAY,LONG,LONG,0.4520,20.7760,0.0218,0.1566,86984.10,0.00,False,86986.18,11.43,0.00,0.00,86988.32,86984.03,0.0765
2025-11-25T23:39:31.312083,DECAY,LONG,SHORT,-0.9530,22.1810,0.0430,-0.9910,86981.90,0.00,False,86981.90,0.00,0.00,0.00,86981.90,86981.90,0.0739
2025-11-25T23:39:34.411673,DECAY,LONG,SHORT,-0.0620,21.2900,0.0029,-0.9783,86994.05,0.00,False,86994.05,0.00,0.00,0.00,86994.05,86994.05,0.0879
2025-11-25T23:39:35.440061,DECAY,LONG,SHORT,-2.7070,23.9350,0.1131,-0.4980,86992.05,0.00,False,86992.05,0.00,0.00,0.00,86992.05,86992.05,0.0856
2025-11-25T23:39:37.356158,DECAY,LONG,LONG,0.0460,26.6880,0.0017,-0.9245,86974.75,0.00,False,86973.35,100.00,100.00,100.00,86976.55,86970.15,0.0657
2025-11-25T23:39:47.643047,DECAY,LONG,LONG,3.5120,28.0320,0.1253,-0.1790,86966.75,0.00,False,86965.36,100.00,50.00,50.00,86966.92,86963.80,0.0565
2025-11-25T23:40:10.967913,MONITOR,LONG,LONG,9.1620,9.1620,1.0000,-0.0461,86965.95,0.00,False,86965.80,99.08,100.00,100.00,86966.03,86965.57,0.0556
2025-11-25T23:40:14.757474,MONITOR,LONG,LONG,8.0720,10.2520,0.7874,-0.6999,86973.65,0.00,False,86973.65,0.00,0.00,0.00,86973.65,86973.65,0.0644
2025-11-25T23:40:16.049893,DECAY,LONG,LONG,6.7640,11.5600,0.5851,0.1874,86953.55,0.00,False,86953.55,0.00,0.00,0.00,86953.55,86953.55,0.0413
2025-11-25T23:40:16.634490,DECAY,LONG,LONG,0.7470,17.5770,0.0425,-0.1315,86949.65,0.00,False,86949.78,0.00,0.00,0.00,86950.21,86949.35,0.0368
2025-11-25T23:40:20.622129,DECAY,LONG,SHORT,-2.6610,16.1750,0.1645,-0.8603,86979.75,0.00,False,86979.75,0.00,0.00,0.00,86979.75,86979.75,0.0714
2025-11-25T23:40:32.021241,DECAY,LONG,SHORT,-4.1940,17.7080,0.2368,0.9502,86995.75,0.00,False,86995.62,100.00,0.00,0.00,86995.90,86995.35,0.0899
2025-11-25T23:40:32.057225,DECAY,LONG,SHORT,-3.1850,18.7170,0.1702,0.9502,86997.65,0.00,False,86997.65,100.00,0.00,0.00,86997.65,86997.65,0.0920
2025-11-25T23:40:32.141023,DECAY,LONG,SHORT,-2.1810,19.7210,0.1106,0.9315,86999.95,0.00,False,86999.95,50.00,50.00,50.00,86999.95,86999.95,0.0947
2025-11-25T23:40:33.099725,DECAY,LONG,SHORT,-4.0150,21.5550,0.1863,0.3943,86999.45,0.00,False,86999.45,0.00,0.00,0.00,86999.45,86999.45,0.0941
2025-11-25T23:40:36.287108,DECAY,LONG,SHORT,-2.9550,22.6150,0.1307,0.6079,86983.95,0.00,False,86983.95,100.00,0.00,0.00,86983.95,86983.95,0.0763
2025-11-25T23:40:47.317592,DECAY,LONG,SHORT,-3.8720,10.0180,0.3865,-0.7092,86985.15,0.00,False,86988.90,0.96,50.00,50.00,86992.08,86985.72,0.0777
2025-11-25T23:40:59.572304,DECAY,LONG,SHORT,-1.8630,10.0210,0.1859,0.8267,86987.25,0.00,False,86987.24,100.00,0.00,0.00,86987.31,86987.18,0.0801
2025-11-25T23:41:00.468294,DECAY,LONG,SHORT,-0.3370,11.5470,0.0292,0.9430,86999.45,0.00,False,86998.78,99.92,100.00,100.00,86999.56,86998.01,0.0941
2025-11-25T23:41:00.493540,DECAY,LONG,LONG,1.4240,13.3080,0.1070,0.9430,87000.40,0.00,False,87000.05,100.00,100.00,100.00,87000.43,86999.68,0.0952
2025-11-25T23:41:05.277750,DECAY,LONG,LONG,4.5970,9.7470,0.4716,-0.5988,86975.10,0.00,False,86974.61,100.00,50.00,50.00,86975.19,86974.03,0.0661
2025-11-25T23:41:06.494922,DECAY,LONG,LONG,4.6390,9.7890,0.4739,0.7574,86989.55,0.00,False,86989.21,100.00,0.00,0.00,86990.15,86988.27,0.0827
2025-11-25T23:41:21.102813,MONITOR,LONG,LONG,13.8010,13.8010,1.0000,-0.4428,86935.55,0.00,False,86934.71,100.00,0.00,0.00,86936.06,86933.35,0.0206
2025-11-25T23:41:26.046041,MONITOR,LONG,LONG,16.1510,16.1510,1.0000,0.7337,86970.35,0.00,False,86970.35,100.00,0.00,0.00,86970.35,86970.35,0.0606
2025-11-25T23:41:27.982874,MONITOR,LONG,LONG,13.9010,18.4010,0.7554,0.3877,86982.05,0.00,False,86982.05,50.00,50.00,50.00,86982.05,86982.05,0.0741
2025-11-25T23:41:32.074972,DECAY,LONG,LONG,6.6670,17.0490,0.3910,-0.9631,87011.60,0.00,False,87011.66,0.00,0.00,0.00,87011.78,87011.54,0.1081
2025-11-25T23:41:32.411577,DECAY,LONG,LONG,7.8740,18.2560,0.4313,-0.7694,87008.25,0.00,False,87008.25,50.00,50.00,50.00,87008.25,87008.25,0.1042
2025-11-25T23:41:33.065210,DECAY,LONG,LONG,10.8760,21.2580,0.5116,-0.9055,87003.05,0.00,False,87003.05,50.00,50.00,50.00,87003.05,87003.05,0.0983
2025-11-25T23:41:42.530309,DECAY,LONG,LONG,6.8980,19.3940,0.3557,-0.6841,86998.45,0.00,False,86998.77,0.00,0.00,0.00,86999.53,86998.01,0.0930
2025-11-25T23:41:54.056910,DECAY,LONG,SHORT,-0.8480,13.9660,0.0607,-0.6228,87004.95,0.00,False,87004.95,50.00,50.00,50.00,87004.95,87004.95,0.1004
2025-11-25T23:41:55.805750,DECAY,LONG,SHORT,-1.9980,15.1160,0.1322,-0.3651,87004.95,0.00,False,87004.95,50.00,50.00,50.00,87004.95,87004.95,0.1004
2025-11-25T23:42:00.630632,DECAY,LONG,LONG,0.1510,12.7650,0.0118,-0.8737,86970.95,0.00,False,86970.95,50.00,50.00,50.00,86970.95,86970.95,0.0613
2025-11-25T23:42:14.553026,DECAY,LONG,LONG,3.7270,8.3450,0.4466,0.5442,87026.45,0.00,False,87026.45,50.00,50.00,50.00,87026.45,87026.45,0.1252
2025-11-25T23:42:24.674786,MONITOR,LONG,LONG,5.8860,8.1860,0.7190,0.2310,87002.95,0.00,False,87002.95,50.00,50.00,50.00,87002.95,87002.95,0.0981
2025-11-25T23:42:38.693129,DECAY,LONG,LONG,0.3550,9.2190,0.0385,0.0271,86989.00,0.00,False,86990.82,0.00,50.00,50.00,86991.69,86989.96,0.0821
2025-11-25T23:42:39.825413,DECAY,LONG,SHORT,-0.7940,10.3680,0.0766,-0.6126,86988.55,0.00,False,86988.55,50.00,50.00,50.00,86988.55,86988.55,0.0816
2025-11-25T23:43:00.493651,DECAY,LONG,LONG,0.5480,15.7860,0.0347,-0.9644,86922.35,0.00,False,86922.42,43.33,2.66,2.66,86922.62,86922.22,0.0054
2025-11-25T23:43:00.497712,DECAY,LONG,LONG,15.4480,30.6860,0.5034,-0.9644,86922.35,0.00,False,86922.42,43.33,2.66,2.66,86922.62,86922.22,0.0054
2025-11-25T23:43:00.501634,DECAY,LONG,LONG,16.7310,31.9690,0.5234,-0.9644,86922.35,0.00,False,86922.41,43.33,0.00,0.00,86922.61,86922.21,0.0054
2025-11-25T23:43:00.509739,DECAY,LONG,LONG,21.1510,36.3890,0.5812,-0.9644,86925.10,0.00,False,86924.36,100.00,100.00,100.00,86925.52,86923.19,0.0086
2025-11-25T23:43:01.096626,DECAY,LONG,LONG,23.3610,38.5990,0.6052,0.3586,86931.85,0.00,False,86931.45,100.00,50.00,50.00,86931.86,86931.04,0.0163
2025-11-25T23:43:01.163666,DECAY,LONG,LONG,26.4620,41.7000,0.6346,0.6504,86931.95,0.00,False,86931.95,50.00,50.00,50.00,86931.95,86931.95,0.0165
2025-11-25T23:43:02.047973,DECAY,LONG,LONG,25.2210,42.9410,0.5873,0.5212,86931.95,0.00,False,86931.95,50.00,50.00,50.00,86931.95,86931.95,0.0165
2025-11-25T23:43:02.811012,DECAY,LONG,LONG,31.6040,49.3240,0.6407,0.0072,86935.35,0.00,False,86935.32,100.00,0.00,0.00,86935.45,86935.20,0.0204
2025-11-25T23:43:02.819522,MONITOR,LONG,LONG,33.1190,50.8390,0.6514,0.0072,86937.25,0.00,False,86936.70,100.00,0.00,0.00,86937.84,86935.55,0.0226
2025-11-25T23:43:04.180716,DECAY,LONG,LONG,25.4940,58.4640,0.4361,0.1736,86933.75,0.00,False,86938.55,0.00,0.00,0.00,86942.32,86934.78,0.0185
2025-11-25T23:43:05.989762,DECAY,LONG,LONG,27.7760,58.4180,0.4755,0.7260,86946.95,0.00,False,86946.95,100.00,0.00,0.00,86946.95,86946.95,0.0337
2025-11-25T23:43:07.361669,DECAY,LONG,LONG,31.1620,61.8040,0.5042,0.9386,86948.15,0.00,False,86948.10,100.00,0.00,0.00,86948.27,86947.94,0.0351
2025-11-25T23:43:07.586125,DECAY,LONG,LONG,30.1620,62.8040,0.4803,0.3218,86951.05,0.00,False,86951.05,50.00,50.00,50.00,86951.05,86951.05,0.0384
2025-11-25T23:43:10.583699,DECAY,LONG,LONG,31.8710,61.0950,0.5217,-0.3519,86950.95,0.00,False,86950.95,50.00,50.00,50.00,86950.95,86950.95,0.0383
2025-11-25T23:43:24.564719,DECAY,LONG,LONG,35.0810,62.2290,0.5637,0.8821,86951.55,0.00,False,86951.50,100.00,0.00,0.00,86951.60,86951.41,0.0390
2025-11-25T23:43:27.342928,DECAY,LONG,LONG,31.8300,65.4800,0.4861,0.0313,86958.95,0.00,False,86960.34,0.00,0.00,50.00,86963.59,86957.09,0.0475
2025-11-25T23:43:33.965905,DECAY,LONG,SHORT,-6.8270,24.3410,0.2805,0.5038,86959.50,0.00,False,86959.38,100.00,0.00,0.00,86959.72,86959.03,0.0481
2025-11-25T23:43:41.494215,DECAY,LONG,SHORT,-1.3370,9.8430,0.1358,-0.4933,86959.90,0.00,False,86960.53,0.00,0.00,0.00,86962.69,86958.38,0.0486
2025-11-25T23:43:43.835059,DECAY,LONG,LONG,0.0510,11.2310,0.0045,0.4511,86960.05,0.00,False,86960.02,100.00,0.00,0.00,86960.07,86959.97,0.0488
2025-11-25T23:43:45.141363,DECAY,LONG,LONG,1.1140,12.2940,0.0906,0.8792,86963.75,0.00,False,86962.82,100.00,50.00,50.00,86963.43,86962.21,0.0530
2025-11-25T23:43:47.786004,DECAY,LONG,LONG,2.1190,13.2990,0.1593,0.6853,86976.35,0.00,False,86976.35,50.00,50.00,50.00,86976.35,86976.35,0.0675
2025-11-25T23:43:52.524085,DECAY,LONG,LONG,0.6360,14.7820,0.0430,0.9445,86990.45,0.00,False,86990.45,100.00,0.00,0.00,86990.45,86990.45,0.0838
2025-11-25T23:43:52.704463,DECAY,LONG,SHORT,-0.3640,15.7820,0.0231,0.4875,86994.95,0.00,False,86994.95,50.00,50.00,50.00,86994.95,86994.95,0.0889
2025-11-25T23:43:53.259387,DECAY,LONG,SHORT,-2.6870,18.1050,0.1484,0.4586,86994.95,0.00,False,86994.95,50.00,50.00,50.00,86994.95,86994.95,0.0889
2025-11-25T23:44:00.608612,DECAY,LONG,LONG,1.3390,13.6290,0.0982,0.8680,87010.45,0.00,False,87010.45,100.00,0.00,0.00,87010.45,87010.45,0.1068
2025-11-25T23:44:00.747238,DECAY,LONG,LONG,3.2370,15.5270,0.2085,0.9845,87025.90,0.00,False,87025.63,100.00,0.00,0.00,87026.15,87025.10,0.1245
2025-11-25T23:44:02.963696,DECAY,LONG,LONG,6.6920,18.9820,0.3525,-0.1167,87039.25,0.00,False,87039.25,50.00,50.00,50.00,87039.25,87039.25,0.1399
2025-11-25T23:44:04.653573,DECAY,LONG,LONG,5.6170,17.9070,0.3137,0.0541,87039.25,0.00,False,87039.25,50.00,50.00,50.00,87039.25,87039.25,0.1399
2025-11-25T23:44:06.012746,DECAY,LONG,LONG,8.4020,20.6920,0.4061,0.7743,87050.45,0.00,False,87050.37,100.00,0.00,0.00,87050.44,87050.29,0.1528
2025-11-25T23:44:06.287430,DECAY,LONG,LONG,9.8830,22.1730,0.4457,0.8529,87059.15,0.00,False,87059.15,50.00,50.00,50.00,87059.15,87059.15,0.1628
2025-11-25T23:44:08.645362,DECAY,LONG,LONG,3.0680,28.9880,0.1058,0.4466,87058.60,0.00,False,87059.09,0.00,50.00,50.00,87059.43,87058.75,0.1622
2025-11-25T23:44:11.786789,DECAY,LONG,LONG,3.3780,28.6780,0.1178,-0.7723,87054.30,0.00,False,87054.53,0.00,0.00,0.00,87055.39,87053.67,0.1572
2025-11-25T23:44:14.842917,DECAY,LONG,LONG,3.1540,28.4540,0.1108,-0.2127,87026.15,0.00,False,87026.15,50.00,50.00,50.00,87026.15,87026.15,0.1248
2025-11-25T23:44:17.122889,DECAY,LONG,LONG,4.1800,29.4800,0.1418,0.6409,87032.35,0.00,False,87031.86,100.00,50.00,50.00,87032.47,87031.24,0.1320
2025-11-25T23:44:17.973966,DECAY,LONG,LONG,6.8040,32.1040,0.2119,0.4248,87042.45,0.00,False,87040.88,100.00,50.00,50.00,87044.17,87037.59,0.1436
2025-11-25T23:44:23.288454,DECAY,LONG,LONG,14.4590,30.1470,0.4796,0.7646,87048.05,0.00,False,87048.05,50.00,50.00,50.00,87048.05,87048.05,0.1500
2025-11-25T23:44:23.972260,DECAY,LONG,LONG,11.8880,32.7180,0.3633,0.7174,87048.05,0.00,False,87048.05,50.00,50.00,50.00,87048.05,87048.05,0.1500
2025-11-25T23:44:28.491886,DECAY,LONG,LONG,13.8290,34.6590,0.3990,0.6943,87078.90,0.00,False,87077.84,100.00,0.00,50.00,87079.58,87076.10,0.1855
2025-11-25T23:44:28.501928,DECAY,LONG,LONG,15.9410,36.7710,0.4335,0.6943,87079.15,0.00,False,87079.14,100.00,0.00,0.00,87079.20,87079.08,0.1858
2025-11-25T23:44:31.689264,DECAY,LONG,LONG,13.1300,33.9600,0.3866,0.9967,87097.70,0.00,False,87096.21,100.00,0.00,0.00,87097.49,87094.93,0.2072
2025-11-25T23:44:31.693761,DECAY,LONG,LONG,14.6390,35.4690,0.4127,0.9967,87099.00,0.00,False,87096.36,100.00,0.00,0.00,87098.14,87094.59,0.2086
2025-11-25T23:44:31.812901,DECAY,LONG,LONG,18.9310,39.7610,0.4761,0.6383,87101.25,0.00,False,87100.06,100.00,0.00,0.00,87100.69,87099.43,0.2112
2025-11-25T23:44:32.242428,DECAY,LONG,LONG,20.0580,40.8880,0.4906,-0.7683,87110.95,0.00,False,87110.95,50.00,50.00,50.00,87110.95,87110.95,0.2224
2025-11-25T23:44:32.754911,DECAY,LONG,LONG,21.6560,42.4860,0.5097,0.2518,87112.75,0.00,False,87112.67,100.00,0.00,0.00,87113.03,87112.30,0.2245
2025-11-25T23:44:33.019825,DECAY,LONG,LONG,19.7040,40.5340,0.4861,0.2299,87119.90,0.00,False,87118.58,100.00,0.00,0.00,87121.49,87115.67,0.2327
2025-11-25T23:44:33.023481,DECAY,LONG,LONG,20.9440,41.7740,0.5014,0.2299,87119.90,0.00,False,87118.58,100.00,0.00,0.00,87121.49,87115.67,0.2327
2025-11-25T23:44:33.026194,DECAY,LONG,LONG,23.0380,43.8680,0.5252,0.2299,87119.90,0.00,False,87118.58,100.00,0.00,0.00,87121.49,87115.67,0.2327
2025-11-25T23:44:33.034509,DECAY,LONG,LONG,24.6540,45.4840,0.5420,0.2299,87119.65,0.00,False,87119.18,62.92,45.52,43.85,87121.55,87116.80,0.2324
2025-11-25T23:44:33.037469,DECAY,LONG,LONG,26.7850,47.6150,0.5625,0.2299,87119.85,0.00,False,87119.74,64.76,0.00,66.67,87120.21,87119.27,0.2326
2025-11-25T23:44:33.039751,DECAY,LONG,LONG,27.9990,48.8290,0.5734,0.2299,87119.85,0.00,False,87119.74,64.76,0.00,66.67,87120.21,87119.27,0.2326
2025-11-25T23:44:33.745530,DECAY,LONG,LONG,25.9820,50.8460,0.5110,0.0160,87118.55,0.00,False,87119.58,0.00,50.00,50.00,87120.54,87118.63,0.2311
2025-11-25T23:44:34.992345,DECAY,LONG,LONG,25.9790,50.8430,0.5110,0.4851,87113.35,0.00,False,87113.35,100.00,0.00,0.00,87113.35,87113.35,0.2252
2025-11-25T23:44:36.652682,DECAY,LONG,LONG,24.8820,49.7460,0.5002,0.6480,87114.35,0.00,False,87113.49,100.00,50.00,50.00,87115.01,87111.97,0.2263
2025-11-25T23:44:36.810027,DECAY,LONG,LONG,25.9590,50.8230,0.5108,0.5914,87115.45,0.00,False,87115.45,50.00,50.00,50.00,87115.45,87115.45,0.2276
2025-11-25T23:44:39.018762,MONITOR,LONG,LONG,34.7720,46.0060,0.7558,-0.6490,87124.05,0.00,False,87124.05,50.00,50.00,50.00,87124.05,87124.05,0.2375
2025-11-25T23:44:40.751555,MONITOR,LONG,LONG,33.4020,47.3760,0.7050,-0.9603,87110.65,0.00,False,87110.68,0.00,0.00,0.00,87110.80,87110.56,0.2220
2025-11-25T23:44:41.958469,MONITOR,LONG,LONG,38.4370,50.3530,0.7634,-0.1213,87108.95,0.00,False,87108.95,50.00,50.00,50.00,87108.95,87108.95,0.2201
2025-11-25T23:44:43.180246,MONITOR,LONG,LONG,43.4830,55.3990,0.7849,0.2025,87118.05,0.00,False,87117.71,100.00,0.00,0.00,87118.56,87116.86,0.2306
2025-11-25T23:44:44.297711,MONITOR,LONG,LONG,41.8120,57.0700,0.7326,0.3601,87123.55,0.00,False,87123.55,50.00,50.00,50.00,87123.55,87123.55,0.2369
2025-11-25T23:44:44.487828,MONITOR,LONG,LONG,40.5960,58.2860,0.6965,0.7092,87123.55,0.00,False,87123.55,50.00,50.00,50.00,87123.55,87123.55,0.2369
2025-11-25T23:44:45.182614,MONITOR,LONG,LONG,42.4480,60.1380,0.7058,0.1204,87123.55,0.00,False,87123.55,50.00,50.00,50.00,87123.55,87123.55,0.2369
2025-11-25T23:44:45.758858,MONITOR,LONG,LONG,41.4410,61.1450,0.6777,-0.6512,87123.45,0.00,False,87123.45,50.00,50.00,50.00,87123.45,87123.45,0.2368
2025-11-25T23:44:46.064928,DECAY,LONG,LONG,38.0710,64.5150,0.5901,-0.6787,87123.45,0.00,False,87123.45,50.00,50.00,50.00,87123.45,87123.45,0.2368
2025-11-25T23:44:50.244176,DECAY,LONG,LONG,34.9910,61.4350,0.5696,0.3266,87104.05,0.00,False,87104.05,50.00,50.00,50.00,87104.05,87104.05,0.2145
2025-11-25T23:44:52.711987,DECAY,LONG,LONG,31.5590,64.8670,0.4865,0.3067,87105.25,0.00,False,87105.25,50.00,50.00,50.00,87105.25,87105.25,0.2158
2025-11-25T23:44:58.875020,DECAY,LONG,LONG,29.9050,58.0710,0.5150,-0.2539,87123.55,0.00,False,87123.54,100.00,0.00,0.00,87123.58,87123.50,0.2369
2025-11-25T23:44:59.343776,DECAY,LONG,LONG,43.5830,71.7490,0.6074,0.3731,87125.65,0.00,False,87125.65,100.00,0.00,0.00,87125.65,87125.65,0.2393
2025-11-25T23:45:01.261953,DECAY,LONG,LONG,47.9240,76.0900,0.6298,0.0928,87131.15,0.00,False,87129.29,100.00,50.00,50.00,87131.94,87126.63,0.2456
2025-11-25T23:45:01.501164,DECAY,LONG,LONG,50.6170,78.7830,0.6425,0.4837,87137.35,0.00,False,87137.19,100.00,0.00,0.00,87137.47,87136.91,0.2528
2025-11-25T23:45:01.579547,MONITOR,LONG,LONG,52.9700,81.1360,0.6529,0.8786,87143.25,0.00,False,87142.30,98.80,100.00,100.00,87144.54,87140.06,0.2596
2025-11-25T23:45:02.036121,DECAY,LONG,LONG,43.3320,77.1040,0.5620,0.4906,87145.25,0.00,False,87145.25,50.00,50.00,50.00,87145.25,87145.25,0.2619
2025-11-25T23:45:02.401536,DECAY,LONG,LONG,45.7350,79.5070,0.5752,0.5216,87147.25,0.00,False,87147.22,100.00,0.00,0.00,87147.36,87147.08,0.2642
2025-11-25T23:45:02.593973,DECAY,LONG,LONG,50.5740,84.3460,0.5996,0.2817,87150.25,0.00,False,87150.15,100.00,0.00,0.00,87150.36,87149.94,0.2676
2025-11-25T23:45:02.735287,DECAY,LONG,LONG,53.1350,86.9070,0.6114,0.8280,87154.45,0.00,False,87154.45,100.00,0.00,0.00,87154.45,87154.45,0.2724
2025-11-25T23:45:04.019858,DECAY,LONG,LONG,45.5270,75.2650,0.6049,0.3768,87162.35,0.00,False,87162.35,50.00,50.00,50.00,87162.35,87162.35,0.2815
2025-11-25T23:45:04.035640,DECAY,LONG,LONG,46.9080,76.6460,0.6120,0.3768,87162.95,0.00,False,87162.95,100.00,0.00,0.00,87162.95,87162.95,0.2822
2025-11-25T23:45:04.514236,DECAY,LONG,LONG,48.0240,77.7620,0.6176,0.8048,87164.75,0.00,False,87164.41,100.00,0.00,0.00,87165.52,87163.29,0.2843
2025-11-25T23:45:04.635329,DECAY,LONG,LONG,49.0410,78.7790,0.6225,0.9176,87165.25,0.00,False,87165.25,50.00,50.00,50.00,87165.25,87165.25,0.2849
2025-11-25T23:45:05.559888,DECAY,LONG,LONG,49.3040,79.0420,0.6238,0.7546,87174.35,0.00,False,87174.14,100.00,50.00,50.00,87174.54,87173.74,0.2953
2025-11-25T23:45:06.011693,DECAY,LONG,LONG,51.7870,81.5250,0.6352,0.7352,87184.95,0.00,False,87184.95,100.00,0.00,0.00,87184.95,87184.95,0.3075
2025-11-25T23:45:06.331181,DECAY,LONG,LONG,53.4210,83.1590,0.6424,0.6289,87190.95,0.00,False,87190.95,50.00,50.00,50.00,87190.95,87190.95,0.3144
2025-11-25T23:45:06.510107,DECAY,LONG,LONG,49.6850,86.8950,0.5718,0.3036,87190.85,0.00,False,87190.85,50.00,50.00,50.00,87190.85,87190.85,0.3143
2025-11-25T23:45:06.715294,DECAY,LONG,LONG,43.6940,86.5480,0.5049,-0.1317,87190.95,0.00,False,87190.95,50.00,50.00,50.00,87190.95,87190.95,0.3144
2025-11-25T23:45:06.721515,DECAY,LONG,LONG,44.7100,87.5640,0.5106,-0.1317,87190.95,0.00,False,87190.95,50.00,50.00,50.00,87190.95,87190.95,0.3144
2025-11-25T23:45:06.898956,DECAY,LONG,LONG,44.8110,87.6650,0.5112,0.8139,87199.95,0.00,False,87196.30,100.00,50.00,50.00,87204.48,87188.11,0.3248
2025-11-25T23:45:06.902545,DECAY,LONG,LONG,47.2170,90.0710,0.5242,0.8139,87199.95,0.00,False,87196.30,100.00,50.00,50.00,87204.48,87188.11,0.3248
2025-11-25T23:45:06.905104,DECAY,LONG,LONG,50.2090,93.0630,0.5395,0.8139,87199.95,0.00,False,87196.30,100.00,50.00,50.00,87204.48,87188.11,0.3248
2025-11-25T23:45:06.912135,DECAY,LONG,LONG,54.6520,97.5060,0.5605,0.8139,87199.95,0.00,False,87199.95,100.00,0.00,0.00,87199.95,87199.95,0.3248
2025-11-25T23:45:07.066992,DECAY,LONG,LONG,53.5640,98.5940,0.5433,0.2845,87199.95,0.00,False,87199.95,50.00,50.00,50.00,87199.95,87199.95,0.3248
2025-11-25T23:45:07.295324,DECAY,LONG,LONG,57.5640,102.5940,0.5611,0.3720,87199.95,0.00,False,87199.95,50.00,50.00,50.00,87199.95,87199.95,0.3248
2025-11-25T23:45:07.306164,DECAY,LONG,LONG,62.0670,107.0970,0.5795,0.3720,87213.90,0.00,False,87209.99,100.00,0.00,0.00,87217.78,87202.20,0.3408
2025-11-25T23:45:07.586199,DECAY,LONG,LONG,63.4090,108.4390,0.5847,0.3671,87221.95,0.00,False,87221.95,50.00,50.00,50.00,87221.95,87221.95,0.3501
2025-11-25T23:45:08.277015,DECAY,LONG,LONG,65.5880,110.6180,0.5929,-0.6780,87221.95,0.00,False,87221.95,50.00,50.00,50.00,87221.95,87221.95,0.3501
2025-11-25T23:45:09.022159,DECAY,LONG,LONG,65.7910,110.8210,0.5937,-0.1822,87221.95,0.00,False,87224.64,14.16,8.07,8.07,87231.01,87218.28,0.3501
2025-11-25T23:45:09.030510,DECAY,LONG,LONG,67.6980,112.7280,0.6005,-0.1822,87221.95,0.00,False,87221.95,14.16,0.00,0.00,87221.95,87221.95,0.3501
2025-11-25T23:45:09.033046,DECAY,LONG,LONG,65.6240,114.8020,0.5716,-0.1822,87221.95,0.00,False,87221.95,14.16,0.00,0.00,87221.95,87221.95,0.3501
2025-11-25T23:45:09.036835,DECAY,LONG,LONG,64.3050,116.1210,0.5538,-0.1822,87221.95,0.00,False,87221.95,9.77,0.00,0.00,87221.95,87221.95,0.3501
2025-11-25T23:45:09.101979,DECAY,LONG,LONG,67.1380,118.9540,0.5644,0.5581,87221.95,0.00,False,87221.95,50.00,50.00,50.00,87221.95,87221.95,0.3501
2025-11-25T23:45:09.546425,DECAY,LONG,LONG,68.3100,120.1260,0.5687,0.9093,87221.95,0.00,False,87221.95,50.00,50.00,50.00,87221.95,87221.95,0.3501
2025-11-25T23:45:09.839657,DECAY,LONG,LONG,67.2000,121.2360,0.5543,0.0358,87225.95,0.00,False,87225.95,50.00,50.00,50.00,87225.95,87225.95,0.3547
2025-11-25T23:45:10.625843,DECAY,LONG,LONG,68.5590,122.5950,0.5592,0.5826,87230.40,0.00,False,87226.95,100.00,50.00,50.00,87230.56,87223.35,0.3598
2025-11-25T23:45:11.014862,DECAY,LONG,LONG,71.1390,122.4350,0.5810,0.4386,87231.05,0.00,False,87231.05,50.00,50.00,50.00,87231.05,87231.05,0.3606
2025-11-25T23:45:11.283120,DECAY,LONG,LONG,73.0400,124.3360,0.5874,0.5426,87234.55,0.00,False,87233.12,100.00,50.00,50.00,87236.39,87229.86,0.3646
2025-11-25T23:45:11.285184,DECAY,LONG,LONG,75.4260,126.7220,0.5952,0.5426,87234.55,0.00,False,87233.12,100.00,50.00,50.00,87236.39,87229.86,0.3646
2025-11-25T23:45:12.027089,DECAY,LONG,LONG,73.3130,124.6090,0.5883,0.1792,87234.55,0.00,False,87234.55,50.00,50.00,50.00,87234.55,87234.55,0.3646
2025-11-25T23:45:12.784090,DECAY,LONG,LONG,71.8630,126.0590,0.5701,-0.0047,87231.95,0.00,False,87231.95,0.00,0.00,0.00,87231.95,87231.95,0.3616
2025-11-25T23:45:12.803793,DECAY,LONG,LONG,70.8510,127.0710,0.5576,-0.0047,87230.15,0.00,False,87230.18,0.00,0.00,0.00,87230.38,87229.98,0.3595
2025-11-25T23:45:16.335698,DECAY,LONG,LONG,71.0530,112.7450,0.6302,0.7794,87223.75,0.00,False,87223.75,50.00,50.00,50.00,87223.75,87223.75,0.3522
2025-11-25T23:45:17.675597,DECAY,LONG,LONG,74.6100,116.3020,0.6415,0.8356,87228.15,0.00,False,87228.15,50.00,50.00,50.00,87228.15,87228.15,0.3572
2025-11-25T23:45:18.378720,DECAY,LONG,LONG,77.3370,119.0290,0.6497,0.5952,87234.55,0.00,False,87234.48,100.00,50.00,50.00,87234.56,87234.39,0.3646
2025-11-25T23:45:18.733215,DECAY,LONG,LONG,74.8940,121.4720,0.6166,0.4386,87234.55,0.00,False,87234.55,50.00,50.00,50.00,87234.55,87234.55,0.3646
2025-11-25T23:45:18.962119,DECAY,LONG,LONG,76.3250,122.9030,0.6210,0.1761,87234.55,0.00,False,87234.55,50.00,50.00,50.00,87234.55,87234.55,0.3646
2025-11-25T23:45:18.993541,DECAY,LONG,LONG,77.6230,124.2010,0.6250,0.4718,87234.55,0.00,False,87234.55,50.00,50.00,50.00,87234.55,87234.55,0.3646
2025-11-25T23:45:19.592571,DECAY,LONG,LONG,72.4490,124.0990,0.5838,0.3824,87242.55,0.00,False,87242.55,50.00,50.00,50.00,87242.55,87242.55,0.3738
2025-11-25T23:45:19.726748,DECAY,LONG,LONG,77.0840,121.8700,0.6325,-0.4945,87242.55,0.00,False,87242.55,50.00,50.00,50.00,87242.55,87242.55,0.3738
2025-11-25T23:45:19.827778,DECAY,LONG,LONG,76.1160,120.9020,0.6296,-0.4657,87242.55,0.00,False,87242.55,50.00,50.00,50.00,87242.55,87242.55,0.3738
2025-11-25T23:45:21.158753,DECAY,LONG,LONG,63.9240,108.7100,0.5880,0.8069,87240.05,0.00,False,87239.94,100.00,0.00,50.00,87240.21,87239.67,0.3709
2025-11-25T23:45:21.517057,DECAY,LONG,LONG,61.1960,105.9820,0.5774,0.1853,87243.25,0.00,False,87243.25,100.00,0.00,0.00,87243.25,87243.25,0.3746
2025-11-25T23:45:23.359639,DECAY,LONG,LONG,64.3550,109.1410,0.5897,-0.6827,87234.65,0.00,False,87234.65,50.00,50.00,50.00,87234.65,87234.65,0.3647
2025-11-25T23:45:23.733239,DECAY,LONG,LONG,64.4680,109.2540,0.5901,0.1318,87236.55,0.00,False,87236.04,100.00,0.00,50.00,87237.69,87234.38,0.3669
2025-11-25T23:45:24.038164,DECAY,LONG,LONG,58.4360,115.2860,0.5069,0.6348,87227.95,0.00,False,87227.95,6.18,0.00,0.00,87227.95,87227.95,0.3570
2025-11-25T23:45:25.635617,DECAY,LONG,LONG,55.9370,112.7870,0.4960,0.4066,87233.85,0.00,False,87233.85,50.00,50.00,50.00,87233.85,87233.85,0.3638
2025-11-25T23:45:29.526849,DECAY,LONG,LONG,49.4340,109.6120,0.4510,-0.2081,87236.55,0.00,False,87236.55,50.00,50.00,50.00,87236.55,87236.55,0.3669
2025-11-25T23:45:29.581143,DECAY,LONG,LONG,48.5250,108.7030,0.4464,-0.2081,87236.55,0.00,False,87236.55,50.00,50.00,50.00,87236.55,87236.55,0.3669
2025-11-25T23:45:31.490991,DECAY,LONG,LONG,45.7370,107.9490,0.4237,0.0482,87235.85,0.00,False,87236.23,0.00,0.00,0.00,87236.80,87235.65,0.3661
2025-11-25T23:45:36.027013,DECAY,LONG,LONG,34.6460,104.5140,0.3315,-0.3480,87223.35,0.00,False,87223.35,0.00,0.00,0.00,87223.35,87223.35,0.3517
2025-11-25T23:45:36.980252,DECAY,LONG,LONG,26.1040,85.7180,0.3045,-0.1704,87221.85,0.00,False,87222.92,0.00,50.00,50.00,87224.11,87221.72,0.3500
2025-11-25T23:45:37.007225,DECAY,LONG,LONG,21.8340,89.9880,0.2426,-0.7939,87221.85,0.00,False,87221.85,50.00,50.00,50.00,87221.85,87221.85,0.3500
2025-11-25T23:45:37.024049,DECAY,LONG,LONG,20.1210,91.7010,0.2194,-0.7939,87220.05,0.00,False,87220.05,0.00,0.00,0.00,87220.05,87220.05,0.3479
2025-11-25T23:45:39.680457,DECAY,LONG,LONG,5.4650,68.0830,0.0803,-0.8768,87209.15,0.00,False,87209.15,50.00,50.00,50.00,87209.15,87209.15,0.3354
2025-11-25T23:45:42.426106,DECAY,LONG,SHORT,-9.2630,65.3130,0.1418,-0.5860,87209.15,0.00,False,87209.15,50.00,50.00,50.00,87209.15,87209.15,0.3354
2025-11-25T23:45:46.855503,DECAY,LONG,SHORT,-9.5260,63.5760,0.1498,-0.5072,87208.05,0.00,False,87208.05,50.00,50.00,50.00,87208.05,87208.05,0.3341
2025-11-25T23:45:48.385549,DECAY,LONG,SHORT,-4.1310,68.9710,0.0599,-0.2669,87209.15,0.00,False,87209.15,50.00,50.00,50.00,87209.15,87209.15,0.3354
2025-11-25T23:45:48.388243,DECAY,LONG,SHORT,-3.1280,69.9740,0.0447,-0.2669,87209.25,0.00,False,87209.25,100.00,0.00,0.00,87209.25,87209.25,0.3355
2025-11-25T23:45:51.329028,DECAY,LONG,SHORT,-1.1290,62.0150,0.0182,0.5062,87223.55,0.00,False,87222.41,100.00,50.00,50.00,87223.31,87221.51,0.3519
2025-11-25T23:45:51.849062,DECAY,LONG,SHORT,-4.7420,62.4020,0.0760,0.1591,87228.15,0.00,False,87228.15,50.00,50.00,50.00,87228.15,87228.15,0.3572
2025-11-25T23:45:54.207929,DECAY,LONG,SHORT,-6.5530,47.5770,0.1377,-0.3807,87231.65,0.00,False,87231.65,50.00,50.00,50.00,87231.65,87231.65,0.3613
2025-11-25T23:45:57.719565,DECAY,LONG,SHORT,-12.9220,51.8840,0.2491,0.4291,87231.65,0.00,False,87231.65,50.00,50.00,50.00,87231.65,87231.65,0.3613
2025-11-25T23:45:58.743257,DECAY,LONG,SHORT,-11.5140,53.2920,0.2161,0.7114,87233.15,0.00,False,87231.82,100.00,50.00,50.00,87232.62,87231.02,0.3630
2025-11-25T23:46:00.015048,DECAY,LONG,SHORT,-9.9260,51.5520,0.1925,0.5155,87237.65,0.00,False,87236.64,100.00,50.00,50.00,87237.61,87235.67,0.3682
2025-11-25T23:46:00.449147,DECAY,LONG,SHORT,-8.6560,52.8220,0.1639,0.7406,87245.15,0.00,False,87245.15,50.00,50.00,50.00,87245.15,87245.15,0.3768
2025-11-25T23:46:01.229101,DECAY,LONG,SHORT,-6.9420,54.5360,0.1273,0.6304,87247.15,0.00,False,87245.79,100.00,50.00,50.00,87247.34,87244.24,0.3791
2025-11-25T23:46:01.242355,DECAY,LONG,SHORT,-4.7840,56.6940,0.0844,0.6304,87259.45,0.00,False,87259.37,100.00,0.00,0.00,87260.02,87258.72,0.3932
2025-11-25T23:46:01.246462,DECAY,LONG,SHORT,-2.7150,58.7630,0.0462,0.6304,87260.35,0.00,False,87259.57,100.00,0.00,0.00,87260.02,87259.12,0.3943
2025-11-25T23:46:01.250713,DECAY,LONG,SHORT,-1.6310,59.8470,0.0273,0.6304,87267.20,0.00,False,87264.27,100.00,0.00,0.00,87270.12,87258.42,0.4022
2025-11-25T23:46:01.737897,DECAY,LONG,LONG,4.1210,63.5650,0.0648,0.3278,87247.25,0.00,False,87247.25,50.00,50.00,50.00,87247.25,87247.25,0.3792
2025-11-25T23:46:02.040234,DECAY,LONG,LONG,7.1370,66.5810,0.1072,-0.9340,87243.65,0.00,False,87243.65,0.00,0.00,0.00,87243.65,87243.65,0.3751
2025-11-25T23:46:02.044312,DECAY,LONG,LONG,8.4740,67.9180,0.1248,-0.9340,87243.65,0.00,False,87243.65,0.00,0.00,0.00,87243.65,87243.65,0.3751
2025-11-25T23:46:02.162506,DECAY,LONG,LONG,10.0250,69.4690,0.1443,-0.9837,87241.85,0.00,False,87241.85,0.00,0.00,0.00,87241.85,87241.85,0.3730
2025-11-25T23:46:02.175223,DECAY,LONG,LONG,7.8830,71.6110,0.1101,-0.9837,87241.85,0.00,False,87241.85,0.00,0.00,0.00,87241.85,87241.85,0.3730
2025-11-25T23:46:04.076061,DECAY,LONG,SHORT,-0.1210,79.6150,0.0015,-0.1479,87234.40,0.00,False,87236.14,0.00,50.00,50.00,87237.34,87234.95,0.3644
2025-11-25T23:46:05.854462,DECAY,LONG,SHORT,-3.0180,82.5120,0.0366,-0.5557,87208.70,0.00,False,87209.22,0.00,50.00,50.00,87209.47,87208.97,0.3349
2025-11-25T23:46:06.357023,DECAY,LONG,SHORT,-0.2500,79.7440,0.0031,0.9579,87200.05,0.00,False,87200.05,50.00,50.00,50.00,87200.05,87200.05,0.3249
2025-11-25T23:46:06.817670,DECAY,LONG,LONG,0.8200,80.8140,0.0101,0.9062,87206.65,0.00,False,87205.59,100.00,0.00,50.00,87207.43,87203.75,0.3325
2025-11-25T23:46:09.540699,DECAY,LONG,LONG,18.2530,83.4190,0.2188,0.8299,87230.25,0.00,False,87229.36,100.00,0.00,0.00,87232.22,87226.49,0.3597
2025-11-25T23:46:09.607578,DECAY,LONG,LONG,21.2270,86.3930,0.2457,0.9911,87232.10,0.00,False,87231.31,100.00,0.00,0.00,87232.25,87230.38,0.3618
2025-11-25T23:46:15.482320,DECAY,LONG,LONG,24.6750,80.9450,0.3048,0.1764,87223.25,0.00,False,87223.25,50.00,50.00,50.00,87223.25,87223.25,0.3516
2025-11-25T23:46:18.374320,DECAY,LONG,LONG,5.8320,99.7880,0.0584,0.4897,87199.75,0.00,False,87200.04,0.00,50.00,50.00,87200.17,87199.90,0.3246
2025-11-25T23:46:19.005166,DECAY,LONG,SHORT,-8.3690,88.6250,0.0944,-0.5184,87187.75,0.00,False,87187.75,0.00,0.00,0.00,87187.75,87187.75,0.3108
2025-11-25T23:46:21.738645,DECAY,LONG,SHORT,-15.4220,87.3840,0.1765,-0.2494,87173.95,0.00,False,87173.95,50.00,50.00,50.00,87173.95,87173.95,0.2949
2025-11-25T23:46:24.275616,DECAY,LONG,SHORT,-13.8870,85.8490,0.1618,-0.6642,87170.05,0.00,False,87170.05,50.00,50.00,50.00,87170.05,87170.05,0.2904
2025-11-25T23:46:24.631256,DECAY,LONG,SHORT,-15.6130,87.5750,0.1783,0.2650,87170.05,0.00,False,87170.05,50.00,50.00,50.00,87170.05,87170.05,0.2904
2025-11-25T23:46:25.986399,DECAY,LONG,SHORT,-14.3610,88.8270,0.1617,0.3349,87172.05,0.00,False,87172.05,100.00,0.00,0.00,87172.05,87172.05,0.2927
2025-11-25T23:46:29.783284,DECAY,LONG,SHORT,-7.5470,84.9650,0.0888,0.4880,87209.15,0.00,False,87207.79,100.00,50.00,50.00,87209.63,87205.95,0.3354
2025-11-25T23:46:30.736761,DECAY,LONG,SHORT,-12.3380,84.0640,0.1468,-0.3975,87199.20,0.00,False,87202.21,0.00,0.00,0.00,87208.51,87195.91,0.3239
2025-11-25T23:46:30.739688,DECAY,LONG,SHORT,-13.3720,85.0980,0.1571,-0.3975,87199.20,0.00,False,87202.21,0.00,0.00,0.00,87208.51,87195.91,0.3239
2025-11-25T23:46:30.741854,DECAY,LONG,SHORT,-15.2900,87.0160,0.1757,-0.3975,87199.20,0.00,False,87202.21,0.00,0.00,0.00,87208.51,87195.91,0.3239
2025-11-25T23:46:30.864330,DECAY,LONG,SHORT,-17.6710,89.3970,0.1977,-0.4951,87199.95,0.00,False,87199.95,50.00,50.00,50.00,87199.95,87199.95,0.3248
2025-11-25T23:46:34.528928,PREDICTION,LONG,SHORT,-28.9370,65.3350,0.4429,0.1320,87194.55,0.55,True,87194.55,50.00,50.00,50.00,87194.55,87194.55,0.3186
2025-11-25T23:46:34.709362,DECAY,LONG,SHORT,-25.4380,68.8340,0.3696,0.2526,87194.55,0.00,False,87194.55,50.00,50.00,50.00,87194.55,87194.55,0.3186
2025-11-25T23:46:35.510198,DECAY,LONG,SHORT,-23.7230,70.5490,0.3363,-0.2562,87194.55,0.00,False,87194.55,50.00,50.00,50.00,87194.55,87194.55,0.3186
2025-11-25T23:46:36.921541,DECAY,LONG,SHORT,-24.1410,68.8270,0.3507,-0.7027,87183.45,0.00,False,87183.48,0.00,0.00,0.00,87183.65,87183.31,0.3058
2025-11-25T23:46:38.567562,DECAY,LONG,SHORT,-26.8240,71.5100,0.3751,-0.0647,87194.45,0.00,False,87194.45,0.00,0.00,0.00,87194.45,87194.45,0.3185
2025-11-25T23:46:40.378991,PREDICTION,LONG,SHORT,-44.5170,63.2170,0.7042,-0.2226,87194.45,0.75,True,87194.45,50.00,50.00,50.00,87194.45,87194.45,0.3185
2025-11-25T23:46:40.703460,PREDICTION,LONG,SHORT,-47.1750,65.8750,0.7161,-0.0916,87194.45,0.55,True,87194.45,50.00,50.00,50.00,87194.45,87194.45,0.3185
2025-11-25T23:46:41.656078,PREDICTION,LONG,SHORT,-48.2210,66.9210,0.7206,-0.6064,87186.75,0.75,True,87186.98,0.00,0.00,0.00,87187.38,87186.58,-0.0088
2025-11-25T23:46:41.666049,PREDICTION,LONG,SHORT,-49.2240,67.9240,0.7247,-0.6064,87183.55,0.75,True,87184.67,0.00,0.00,0.00,87187.80,87181.54,-0.0125
2025-11-25T23:46:41.917933,PREDICTION,LONG,SHORT,-53.6540,72.3540,0.7415,-0.8084,87179.80,0.75,True,87180.29,0.00,0.00,0.00,87181.02,87179.55,-0.0168
2025-11-25T23:46:42.960126,PREDICTION,LONG,SHORT,-47.2850,78.7230,0.6007,-0.3100,87173.95,0.75,True,87173.42,100.00,50.00,50.00,87174.31,87172.54,-0.0235
2025-11-25T23:46:43.056534,PREDICTION,LONG,SHORT,-49.9000,81.3380,0.6135,0.9224,87173.95,0.55,True,87173.95,50.00,50.00,50.00,87173.95,87173.95,-0.0235
2025-11-25T23:46:44.184362,PREDICTION,LONG,SHORT,-52.5860,84.0240,0.6258,-0.2464,87170.05,0.75,True,87172.22,0.00,50.00,50.00,87175.86,87168.58,-0.0280
2025-11-25T23:46:45.170355,PREDICTION,LONG,SHORT,-50.1560,86.4540,0.5801,0.2304,87170.55,0.55,True,87170.07,100.00,50.00,50.00,87170.30,87169.85,-0.0274
2025-11-25T23:46:48.453876,PREDICTION,LONG,SHORT,-28.4790,64.7770,0.4396,-0.2584,87172.25,0.75,True,87172.25,50.00,50.00,50.00,87172.25,87172.25,-0.0255
2025-11-25T23:46:50.212423,PREDICTION,LONG,SHORT,-27.9770,64.2750,0.4353,-0.0899,87167.55,0.55,True,87167.55,50.00,50.00,50.00,87167.55,87167.55,-0.0054
2025-11-25T23:46:52.581143,DECAY,LONG,SHORT,-24.0660,62.3740,0.3858,0.4336,87168.45,0.00,False,87168.27,100.00,0.00,0.00,87169.01,87167.53,-0.0044
2025-11-25T23:46:55.695172,DECAY,LONG,SHORT,-21.7170,60.0250,0.3618,0.6765,87170.65,0.00,False,87170.65,50.00,50.00,50.00,87170.65,87170.65,-0.0018
2025-11-25T23:47:01.034575,DECAY,LONG,SHORT,-17.2560,49.9300,0.3456,0.8705,87173.05,0.00,False,87173.04,100.00,0.00,0.00,87173.11,87172.96,0.0009
2025-11-25T23:47:01.816143,DECAY,LONG,SHORT,-19.1000,51.7740,0.3689,-0.1686,87173.05,0.00,False,87173.05,50.00,50.00,50.00,87173.05,87173.05,0.0009
2025-11-25T23:47:02.729326,DECAY,LONG,SHORT,-21.2920,53.9660,0.3945,-0.5909,87173.05,0.00,False,87173.05,50.00,50.00,50.00,87173.05,87173.05,0.0009
2025-11-25T23:47:03.426981,PREDICTION,LONG,SHORT,-22.6800,55.3540,0.4097,-0.6958,87169.65,0.75,True,87170.89,0.00,50.00,50.00,87173.38,87168.40,-0.0030
2025-11-25T23:47:06.465592,PREDICTION,LONG,SHORT,-27.6510,49.8970,0.5542,0.9358,87156.55,0.55,True,87156.55,100.00,0.00,0.00,87156.55,87156.55,-0.0180
2025-11-25T23:47:06.665392,PREDICTION,LONG,SHORT,-28.7150,50.9610,0.5635,0.8481,87156.55,0.55,True,87156.55,50.00,50.00,50.00,87156.55,87156.55,0.0000
2025-11-25T23:47:07.362102,PREDICTION,LONG,SHORT,-72.9160,95.1620,0.7662,-0.1829,87150.05,0.75,True,87152.32,0.00,50.00,50.00,87154.47,87150.16,-0.0075
2025-11-25T23:47:09.414034,MONITOR,SHORT,SHORT,-73.4500,95.6960,0.7675,0.2358,87138.65,0.00,False,87138.65,50.00,50.00,50.00,87138.65,87138.65,-0.0205
2025-11-25T23:47:10.440603,MONITOR,SHORT,SHORT,-65.4690,94.2770,0.6944,0.6680,87143.25,0.00,False,87143.25,100.00,0.00,0.00,87143.25,87143.25,-0.0153
2025-11-25T23:47:16.347884,MONITOR,SHORT,SHORT,-61.0460,72.2560,0.8449,-0.7843,87161.05,0.00,False,87161.05,0.00,0.00,0.00,87161.05,87161.05,0.0052
2025-11-25T23:47:18.758739,MONITOR,SHORT,SHORT,-60.6390,71.8490,0.8440,-0.1161,87158.95,0.00,False,87158.95,50.00,50.00,50.00,87158.95,87158.95,0.0028
2025-11-25T23:47:30.103228,MONITOR,SHORT,SHORT,-56.4760,69.6380,0.8110,0.3686,87164.75,0.00,False,87162.69,100.00,50.00,50.00,87164.97,87160.41,0.0094
2025-11-25T23:47:38.038574,DECAY,SHORT,SHORT,-3.3090,13.8330,0.2392,0.8347,87110.15,0.00,False,87110.15,50.00,50.00,50.00,87110.15,87110.15,-0.0532
2025-11-25T23:47:38.881752,DECAY,SHORT,SHORT,-9.2960,19.8200,0.4690,0.7638,87110.05,0.00,False,87110.14,0.00,50.00,50.00,87110.20,87110.08,-0.0534
2025-11-25T23:47:38.887075,MONITOR,SHORT,SHORT,-50.7760,61.3000,0.8283,0.7638,87105.55,0.00,False,87109.37,0.00,50.00,50.00,87112.23,87106.51,-0.0585
2025-11-25T23:47:38.897521,MONITOR,SHORT,SHORT,-51.9420,62.4660,0.8315,0.7638,87103.15,0.00,False,87103.23,0.00,0.00,0.00,87103.73,87102.73,-0.0613
2025-11-25T23:47:40.090290,MONITOR,SHORT,SHORT,-51.0790,61.6030,0.8292,-0.8982,87091.65,0.00,False,87091.65,50.00,50.00,50.00,87091.65,87091.65,-0.0745
2025-11-25T23:47:40.284138,MONITOR,SHORT,SHORT,-49.8660,62.8160,0.7938,-0.8892,87088.05,0.00,False,87088.14,0.00,0.00,0.00,87088.38,87087.90,-0.0786
2025-11-25T23:47:49.791862,MONITOR,SHORT,SHORT,-48.9510,59.0490,0.8290,-0.0457,87088.65,0.00,False,87088.65,100.00,0.00,0.00,87088.65,87088.65,-0.0779
2025-11-25T23:47:58.564430,MONITOR,SHORT,SHORT,-46.6330,61.3670,0.7599,0.8891,87099.95,0.00,False,87099.95,50.00,50.00,50.00,87099.95,87099.95,-0.0649
2025-11-25T23:47:59.581694,MONITOR,SHORT,SHORT,-47.9280,62.6620,0.7649,0.6656,87113.15,0.00,False,87113.15,50.00,50.00,50.00,87113.15,87113.15,-0.0498
2025-11-25T23:48:01.896390,MONITOR,SHORT,SHORT,-50.9960,61.7680,0.8256,-0.8158,87136.45,0.00,False,87137.25,0.00,50.00,50.00,87137.80,87136.69,-0.0231
2025-11-25T23:48:03.260613,MONITOR,SHORT,SHORT,-52.0920,62.8640,0.8286,-0.6472,87130.85,0.00,False,87131.33,0.00,0.00,50.00,87132.90,87129.76,-0.0295
2025-11-25T23:48:05.377796,MONITOR,SHORT,SHORT,-50.1800,64.7760,0.7747,-0.3894,87121.85,0.00,False,87121.85,100.00,0.00,0.00,87121.85,87121.85,-0.0398
2025-11-25T23:48:13.021549,DECAY,SHORT,LONG,0.8670,11.3030,0.0767,0.0716,87114.25,0.00,False,87114.25,50.00,50.00,50.00,87114.25,87114.25,-0.0485
2025-11-25T23:48:24.012650,DECAY,SHORT,SHORT,-7.9100,16.3700,0.4832,-0.1276,87113.30,0.00,False,87113.86,0.00,50.00,50.00,87114.52,87113.20,-0.0496
2025-11-25T23:48:24.045112,DECAY,SHORT,SHORT,-8.9890,17.4490,0.5152,-0.1276,87111.05,0.00,False,87111.05,0.00,0.00,0.00,87111.05,87111.05,-0.0522
2025-11-25T23:48:26.541723,DECAY,SHORT,SHORT,-7.9380,18.5000,0.4291,-0.8535,87079.75,0.00,False,87079.75,50.00,50.00,50.00,87079.75,87079.75,-0.0881
2025-11-25T23:48:35.696485,DECAY,SHORT,SHORT,-6.2790,13.2030,0.4756,0.7333,87101.95,0.00,False,87100.54,100.00,50.00,50.00,87102.41,87098.68,-0.0626
2025-11-25T23:48:41.397577,DECAY,SHORT,SHORT,-7.6740,14.5980,0.5257,-0.9110,87089.85,0.00,False,87089.85,50.00,50.00,50.00,87089.85,87089.85,-0.0765
2025-11-25T23:48:42.877216,DECAY,SHORT,SHORT,-10.1040,17.0280,0.5934,-0.5619,87081.45,0.00,False,87081.45,0.00,0.00,0.00,87081.45,87081.45,-0.0862
2025-11-25T23:48:43.354304,DECAY,SHORT,SHORT,-11.5370,18.4610,0.6249,-0.5988,87075.25,0.00,False,87075.25,0.00,0.00,0.00,87075.25,87075.25,-0.0933
2025-11-25T23:48:47.519687,DECAY,SHORT,SHORT,-12.7570,19.6810,0.6482,-0.7464,87073.65,0.00,False,87073.65,50.00,50.00,50.00,87073.65,87073.65,-0.0951
2025-11-25T23:48:48.235669,MONITOR,SHORT,SHORT,-17.8030,24.7270,0.7200,-0.0337,87072.45,0.00,False,87072.46,46.46,100.00,66.67,87072.50,87072.41,-0.0965
2025-11-25T23:48:48.239890,MONITOR,SHORT,SHORT,-18.8380,25.7620,0.7312,-0.0337,87072.45,0.00,False,87072.46,46.46,100.00,66.67,87072.50,87072.41,-0.0965
2025-11-25T23:48:50.924587,DECAY,SHORT,SHORT,-15.8190,28.7810,0.5496,0.4747,87082.25,0.00,False,87080.44,100.00,50.00,50.00,87082.21,87078.67,-0.0852
2025-11-25T23:48:54.124048,DECAY,SHORT,SHORT,-8.9750,21.9370,0.4091,-0.2416,87099.95,0.00,False,87099.95,50.00,50.00,50.00,87099.95,87099.95,-0.0649
2025-11-25T23:49:04.400502,DECAY,SHORT,SHORT,-8.7820,22.1300,0.3968,0.8545,87054.75,0.00,False,87053.13,100.00,50.00,50.00,87055.26,87051.00,-0.1168
2025-11-25T23:49:05.313565,DECAY,SHORT,SHORT,-10.0600,23.4080,0.4298,0.0688,87056.95,0.00,False,87056.95,50.00,50.00,50.00,87056.95,87056.95,-0.1143
2025-11-25T23:49:16.954905,DECAY,SHORT,SHORT,-4.2130,15.2590,0.2761,-0.0488,87013.45,0.00,False,87013.45,100.00,0.00,0.00,87013.45,87013.45,-0.1642
2025-11-25T23:49:17.129229,DECAY,SHORT,SHORT,-5.8410,16.8870,0.3459,0.7689,87013.45,0.00,False,87013.45,50.00,50.00,50.00,87013.45,87013.45,-0.1642
2025-11-25T23:49:18.307039,DECAY,SHORT,LONG,0.1240,10.9220,0.0114,-0.3146,87008.95,0.00,False,87008.95,50.00,50.00,50.00,87008.95,87008.95,-0.1694
2025-11-25T23:49:18.559019,DECAY,SHORT,SHORT,-2.1940,13.2400,0.1657,-0.2610,87008.95,0.00,False,87008.95,50.00,50.00,50.00,87008.95,87008.95,-0.1694
2025-11-25T23:49:18.944802,DECAY,SHORT,SHORT,-4.0380,15.0840,0.2677,-0.8999,87008.35,0.00,False,87008.35,50.00,50.00,50.00,87008.35,87008.35,-0.1700
2025-11-25T23:49:19.263635,MONITOR,SHORT,SHORT,-30.0720,41.1180,0.7314,-0.8842,86998.30,0.00,False,86999.37,0.00,0.00,0.00,87000.99,86997.76,-0.1816
2025-11-25T23:49:19.565435,DECAY,SHORT,SHORT,-26.8820,44.3080,0.6067,-0.1732,86997.45,0.00,False,86997.15,100.00,0.00,0.00,86998.46,86995.84,-0.1825
2025-11-25T23:49:20.939328,DECAY,SHORT,SHORT,-27.2770,43.9130,0.6212,0.1833,86998.65,0.00,False,86997.61,100.00,50.00,50.00,86998.39,86996.84,-0.1812
2025-11-25T23:49:22.951892,DECAY,SHORT,SHORT,-28.5690,45.2050,0.6320,-0.7796,86999.75,0.00,False,87000.74,0.00,0.00,0.00,87004.75,86996.72,-0.1799
2025-11-25T23:49:25.135023,DECAY,SHORT,SHORT,-28.9490,45.5850,0.6351,-0.6605,86989.05,0.00,False,86989.85,0.00,50.00,50.00,86990.67,86989.03,-0.1922
2025-11-25T23:49:36.047642,MONITOR,SHORT,SHORT,-30.2580,44.4060,0.6814,-0.7943,86980.35,0.00,False,86982.69,0.00,50.00,50.00,86984.29,86981.09,-0.2022
2025-11-25T23:49:39.020763,MONITOR,SHORT,SHORT,-35.4620,49.6100,0.7148,-0.0064,86972.15,0.00,False,86972.15,64.56,100.00,100.00,86972.15,86972.15,-0.2116
2025-11-25T23:49:39.024341,MONITOR,SHORT,SHORT,-36.5320,50.6800,0.7208,-0.0064,86972.15,0.00,False,86972.15,64.56,100.00,100.00,86972.15,86972.15,-0.2116
2025-11-25T23:49:39.033711,MONITOR,SHORT,SHORT,-38.8550,53.0030,0.7331,-0.0064,86972.15,0.00,False,86972.15,64.56,100.00,33.33,86972.15,86972.15,-0.2116
2025-11-25T23:49:39.036665,MONITOR,SHORT,SHORT,-40.2000,54.3480,0.7397,-0.0064,86972.15,0.00,False,86972.15,64.56,100.00,33.33,86972.15,86972.15,-0.2116
2025-11-25T23:49:39.038913,MONITOR,SHORT,SHORT,-41.9520,56.1000,0.7478,-0.0064,86972.15,0.00,False,86972.15,64.56,0.00,0.00,86972.15,86972.15,-0.2116
2025-11-25T23:49:39.041147,MONITOR,SHORT,SHORT,-44.2690,58.4170,0.7578,-0.0064,86972.15,0.00,False,86972.15,64.56,0.00,0.00,86972.15,86972.15,-0.2116
2025-11-25T23:49:39.043748,MONITOR,SHORT,SHORT,-45.3070,59.4550,0.7620,-0.0064,86972.15,0.00,False,86972.15,64.56,0.00,0.00,86972.15,86972.15,-0.2116
2025-11-25T23:49:39.045684,MONITOR,SHORT,SHORT,-46.3430,60.4910,0.7661,-0.0064,86972.15,0.00,False,86972.15,64.56,0.00,0.00,86972.15,86972.15,-0.2116
2025-11-25T23:49:39.048075,MONITOR,SHORT,SHORT,-47.5090,61.6570,0.7705,-0.0064,86972.15,0.00,False,86972.15,64.56,0.00,0.00,86972.15,86972.15,-0.2116
2025-11-25T23:49:39.050309,MONITOR,SHORT,SHORT,-50.2880,64.4360,0.7804,-0.0064,86972.15,0.00,False,86972.15,64.56,0.00,0.00,86972.15,86972.15,-0.2116
2025-11-25T23:49:39.052637,MONITOR,SHORT,SHORT,-51.6040,65.7520,0.7848,-0.0064,86972.15,0.00,False,86972.15,64.56,0.00,0.00,86972.15,86972.15,-0.2116
2025-11-25T23:49:39.054494,MONITOR,SHORT,SHORT,-53.9480,68.0960,0.7922,-0.0064,86972.15,0.00,False,86972.15,64.56,0.00,0.00,86972.15,86972.15,-0.2116
2025-11-25T23:49:39.056783,MONITOR,SHORT,SHORT,-56.3230,70.4710,0.7992,-0.0064,86972.15,0.00,False,86972.15,64.56,0.00,0.00,86972.15,86972.15,-0.2116
2025-11-25T23:49:39.058531,MONITOR,SHORT,SHORT,-57.7600,71.9080,0.8032,-0.0064,86972.15,0.00,False,86972.15,64.56,0.00,0.00,86972.15,86972.15,-0.2116
2025-11-25T23:49:39.061967,MONITOR,SHORT,SHORT,-60.3600,74.5080,0.8101,-0.0064,86962.30,0.00,False,86964.48,0.00,0.00,0.00,86972.33,86956.62,-0.2229
2025-11-25T23:49:39.108176,MONITOR,SHORT,SHORT,-61.6910,75.8390,0.8134,-0.0064,86961.95,0.00,False,86961.95,3.31,0.00,0.00,86961.95,86961.95,-0.2233
2025-11-25T23:49:39.625788,MONITOR,SHORT,SHORT,-60.4550,77.0750,0.7844,0.9711,86967.95,0.00,False,86966.12,100.00,0.00,0.00,86968.34,86963.90,-0.2164
2025-11-25T23:49:46.030506,MONITOR,SHORT,SHORT,-62.8710,79.4910,0.7909,-0.6721,86955.05,0.00,False,86955.05,0.00,0.00,0.00,86955.05,86955.05,-0.2312
2025-11-25T23:49:48.577852,MONITOR,SHORT,SHORT,-56.2880,75.5100,0.7454,0.1208,86948.95,0.00,False,86948.95,100.00,0.00,0.00,86948.95,86948.95,-0.2382
2025-11-25T23:49:48.593458,MONITOR,SHORT,SHORT,-54.5520,77.2460,0.7062,0.1208,86949.55,0.00,False,86949.55,100.00,0.00,0.00,86949.55,86949.55,-0.2375
2025-11-25T23:49:53.296699,MONITOR,SHORT,SHORT,-35.0250,46.0910,0.7599,-0.8291,86954.05,0.00,False,86954.05,0.00,0.00,0.00,86954.05,86954.05,-0.2323
2025-11-25T23:50:00.065407,MONITOR,SHORT,SHORT,-37.1850,48.2510,0.7707,-0.9036,86970.15,0.00,False,86970.53,0.00,0.00,0.00,86970.71,86970.35,-0.2139
2025-11-25T23:50:03.176842,MONITOR,SHORT,SHORT,-38.1910,49.2570,0.7753,-0.8012,86947.15,0.00,False,86947.15,0.00,0.00,0.00,86947.15,86947.15,-0.2403
2025-11-25T23:50:11.201823,DECAY,SHORT,SHORT,-8.6630,17.2570,0.5020,-0.9398,86907.25,0.00,False,86907.25,50.00,50.00,50.00,86907.25,86907.25,-0.2860
2025-11-25T23:50:24.375772,MONITOR,SHORT,SHORT,-5.3080,8.1220,0.6535,0.5038,86953.95,0.00,False,86953.95,50.00,50.00,50.00,86953.95,86953.95,-0.2325
2025-11-25T23:50:25.326729,DECAY,SHORT,SHORT,-3.3000,10.1300,0.3258,0.3016,86953.95,0.00,False,86953.95,50.00,50.00,50.00,86953.95,86953.95,-0.2325
2025-11-25T23:50:25.791560,DECAY,SHORT,SHORT,-0.1200,13.3100,0.0090,0.3816,86955.75,0.00,False,86954.13,100.00,50.00,50.00,86955.24,86953.02,-0.2304
2025-11-25T23:50:26.745682,DECAY,SHORT,LONG,1.0720,14.5020,0.0739,-0.5757,86955.65,0.00,False,86956.01,0.00,50.00,50.00,86956.45,86955.58,-0.2305
2025-11-25T23:50:28.068023,DECAY,SHORT,LONG,0.0630,15.5110,0.0041,-0.5348,86945.35,0.00,False,86945.40,0.00,0.00,0.00,86945.54,86945.26,-0.2423
2025-11-25T23:50:29.443453,DECAY,SHORT,LONG,5.8070,21.2550,0.2732,0.0168,86940.35,0.00,False,86940.35,100.00,0.00,0.00,86940.35,86940.35,-0.2481
2025-11-25T23:50:29.707099,DECAY,SHORT,LONG,4.0990,22.9630,0.1785,0.3030,86940.35,0.00,False,86940.35,50.00,50.00,50.00,86940.35,86940.35,-0.2481
2025-11-25T23:50:34.298632,DECAY,SHORT,LONG,7.6340,19.4280,0.3929,-0.8035,86939.35,0.00,False,86939.86,0.00,50.00,50.00,86940.46,86939.26,-0.2492
2025-11-25T23:50:38.300328,DECAY,SHORT,LONG,6.1320,20.9300,0.2930,0.0212,86910.75,0.00,False,86910.75,50.00,50.00,50.00,86910.75,86910.75,-0.2820
2025-11-25T23:50:39.513645,DECAY,SHORT,LONG,3.4210,23.6410,0.1447,-0.1298,86917.85,0.00,False,86917.85,50.00,50.00,50.00,86917.85,86917.85,-0.2739
2025-11-25T23:50:46.339962,DECAY,SHORT,LONG,3.2440,23.8180,0.1362,-0.5889,86906.95,0.00,False,86907.67,0.00,0.00,0.00,86908.72,86906.63,-0.2864
2025-11-25T23:50:46.745295,DECAY,SHORT,LONG,0.2910,26.7710,0.0109,-0.5632,86905.35,0.00,False,86905.35,0.00,0.00,0.00,86905.35,86905.35,-0.2882
2025-11-25T23:50:48.064231,DECAY,SHORT,SHORT,-0.7530,27.8150,0.0271,0.3473,86911.05,0.00,False,86911.05,50.00,50.00,50.00,86911.05,86911.05,-0.2817
2025-11-25T23:50:50.030966,DECAY,SHORT,SHORT,-1.8530,28.9150,0.0641,-0.3837,86900.85,0.00,False,86900.85,50.00,50.00,50.00,86900.85,86900.85,-0.2934
2025-11-25T23:50:51.511112,DECAY,SHORT,SHORT,-3.5370,30.5990,0.1156,-0.5322,86898.10,0.00,False,86898.55,0.00,0.00,0.00,86899.75,86897.34,-0.2965
2025-11-25T23:50:51.585513,DECAY,SHORT,SHORT,-4.8380,31.9000,0.1517,-0.9249,86897.85,0.00,False,86897.85,0.00,0.00,0.00,86897.85,86897.85,-0.2968
2025-11-25T23:50:51.850455,DECAY,SHORT,SHORT,-9.0650,36.1270,0.2509,-0.5806,86887.55,0.00,False,86887.55,0.00,0.00,0.00,86887.55,86887.55,-0.3086
2025-11-25T23:50:53.019274,DECAY,SHORT,SHORT,-10.5630,37.6250,0.2807,0.3549,86905.35,0.00,False,86905.35,50.00,50.00,50.00,86905.35,86905.35,-0.2882
2025-11-25T23:50:53.554128,DECAY,SHORT,SHORT,-15.5320,42.5940,0.3647,0.2034,86898.15,0.00,False,86902.18,0.00,50.00,50.00,86908.91,86895.46,-0.2965
2025-11-25T23:51:01.947425,MONITOR,SHORT,SHORT,-27.4080,27.4080,1.0000,-0.4425,86900.55,0.00,False,86900.55,0.00,0.00,0.00,86900.55,86900.55,-0.2937
2025-11-25T23:51:02.917847,MONITOR,SHORT,SHORT,-32.5870,32.5870,1.0000,0.4009,86895.65,0.00,False,86895.65,50.00,50.00,50.00,86895.65,86895.65,-0.2993
2025-11-25T23:51:03.017303,MONITOR,SHORT,SHORT,-28.3980,36.7760,0.7722,-0.1755,86895.65,0.00,False,86895.65,50.00,50.00,50.00,86895.65,86895.65,-0.2993
2025-11-25T23:51:03.022782,DECAY,SHORT,SHORT,-25.3910,39.7830,0.6382,-0.1755,86895.65,0.00,False,86895.65,50.00,50.00,50.00,86895.65,86895.65,-0.2993
2025-11-25T23:51:03.025086,DECAY,SHORT,SHORT,-24.0870,41.0870,0.5862,-0.1755,86895.65,0.00,False,86895.65,50.00,50.00,50.00,86895.65,86895.65,-0.2993
2025-11-25T23:51:03.026992,DECAY,SHORT,SHORT,-21.7700,43.4040,0.5016,-0.1755,86895.65,0.00,False,86895.65,50.00,50.00,50.00,86895.65,86895.65,-0.2993
2025-11-25T23:51:03.028851,DECAY,SHORT,SHORT,-19.8470,45.3270,0.4379,-0.1755,86904.55,0.00,False,86925.09,37.75,1.51,50.00,86977.81,86872.37,-0.2891
2025-11-25T23:51:03.030711,DECAY,SHORT,SHORT,-17.5280,47.6460,0.3679,-0.1755,86904.55,0.00,False,86925.09,37.75,1.51,50.00,86977.81,86872.37,-0.2891
2025-11-25T23:51:03.039761,DECAY,SHORT,SHORT,-16.2440,48.9300,0.3320,-0.1755,86905.60,0.00,False,86905.60,40.26,0.00,0.00,86905.60,86905.60,-0.2879
2025-11-25T23:51:03.041422,DECAY,SHORT,SHORT,-13.9230,51.2510,0.2717,-0.1755,86905.60,0.00,False,86905.60,40.26,0.00,0.00,86905.60,86905.60,-0.2879
2025-11-25T23:51:03.043106,DECAY,SHORT,SHORT,-11.5470,53.6270,0.2153,-0.1755,86905.60,0.00,False,86905.60,40.26,0.00,0.00,86905.60,86905.60,-0.2879
2025-11-25T23:51:03.044816,DECAY,SHORT,SHORT,-10.4380,54.7360,0.1907,-0.1755,86905.60,0.00,False,86905.60,40.26,0.00,0.00,86905.60,86905.60,-0.2879
2025-11-25T23:51:03.046388,DECAY,SHORT,SHORT,-8.1160,57.0580,0.1422,-0.1755,86905.60,0.00,False,86905.60,40.26,100.00,33.33,86905.60,86905.60,-0.2879
2025-11-25T23:51:03.048189,DECAY,SHORT,SHORT,-5.7990,59.3750,0.0977,-0.1755,86905.60,0.00,False,86905.60,40.26,100.00,33.33,86905.60,86905.60,-0.2879
2025-11-25T23:51:03.049999,DECAY,SHORT,SHORT,-4.0140,61.1600,0.0656,-0.1755,86905.60,0.00,False,86905.60,40.26,100.00,33.33,86905.60,86905.60,-0.2879
2025-11-25T23:51:03.051673,DECAY,SHORT,SHORT,-1.4080,63.7660,0.0221,-0.1755,86905.60,0.00,False,86905.60,40.26,100.00,33.33,86905.60,86905.60,-0.2879
2025-11-25T23:51:03.053787,DECAY,SHORT,SHORT,-0.2270,64.9470,0.0035,-0.1755,86905.60,0.00,False,86905.60,40.26,100.00,33.33,86905.60,86905.60,-0.2879
2025-11-25T23:51:03.055295,DECAY,SHORT,LONG,2.1500,67.3240,0.0319,-0.1755,86905.60,0.00,False,86905.60,40.26,100.00,33.33,86905.60,86905.60,-0.2879
2025-11-25T23:51:03.056868,DECAY,SHORT,LONG,4.0660,69.2400,0.0587,-0.1755,86905.60,0.00,False,86905.60,40.26,100.00,33.33,86905.60,86905.60,-0.2879
2025-11-25T23:51:03.058375,DECAY,SHORT,LONG,6.7030,71.8770,0.0933,-0.1755,86905.60,0.00,False,86905.60,40.26,100.00,33.33,86905.60,86905.60,-0.2879
2025-11-25T23:51:03.060186,DECAY,SHORT,LONG,9.0200,74.1940,0.1216,-0.1755,86905.60,0.00,False,86905.60,40.26,0.00,0.00,86905.60,86905.60,-0.2879
2025-11-25T23:51:03.062010,DECAY,SHORT,LONG,11.3390,76.5130,0.1482,-0.1755,86905.60,0.00,False,86905.60,40.26,0.00,0.00,86905.60,86905.60,-0.2879
2025-11-25T23:51:03.063928,DECAY,SHORT,LONG,12.4390,77.6130,0.1603,-0.1755,86905.60,0.00,False,86905.60,40.26,0.00,0.00,86905.60,86905.60,-0.2879
2025-11-25T23:51:03.065518,DECAY,SHORT,LONG,14.7670,79.9410,0.1847,-0.1755,86905.60,0.00,False,86905.60,40.26,0.00,0.00,86905.60,86905.60,-0.2879
2025-11-25T23:51:03.067138,DECAY,SHORT,LONG,15.9180,81.0920,0.1963,-0.1755,86905.60,0.00,False,86905.60,40.26,0.00,0.00,86905.60,86905.60,-0.2879
2025-11-25T23:51:03.068760,DECAY,SHORT,LONG,18.2480,83.4220,0.2187,-0.1755,86905.60,0.00,False,86905.60,40.26,0.00,0.00,86905.60,86905.60,-0.2879
2025-11-25T23:51:03.070354,DECAY,SHORT,LONG,19.5130,84.6870,0.2304,-0.1755,86905.60,0.00,False,86905.60,40.26,0.00,0.00,86905.60,86905.60,-0.2879
2025-11-25T23:51:03.071930,DECAY,SHORT,LONG,20.8030,85.9770,0.2420,-0.1755,86905.60,0.00,False,86905.60,40.26,0.00,0.00,86905.60,86905.60,-0.2879
2025-11-25T23:51:03.073478,DECAY,SHORT,LONG,23.1200,88.2940,0.2619,-0.1755,86905.60,0.00,False,86905.60,40.26,100.00,100.00,86905.60,86905.60,-0.2879
2025-11-25T23:51:03.074997,DECAY,SHORT,LONG,24.6200,89.7940,0.2742,-0.1755,86905.60,0.00,False,86905.60,40.26,100.00,100.00,86905.60,86905.60,-0.2879
2025-11-25T23:51:03.076426,DECAY,SHORT,LONG,25.7990,90.9730,0.2836,-0.1755,86905.60,0.00,False,86905.60,40.26,100.00,100.00,86905.60,86905.60,-0.2879
2025-11-25T23:51:03.077852,DECAY,SHORT,LONG,28.1460,93.3200,0.3016,-0.1755,86905.60,0.00,False,86905.60,40.26,100.00,100.00,86905.60,86905.60,-0.2879
2025-11-25T23:51:03.079362,DECAY,SHORT,LONG,29.4160,94.5900,0.3110,-0.1755,86905.60,0.00,False,86905.60,40.26,100.00,100.00,86905.60,86905.60,-0.2879
2025-11-25T23:51:03.080958,DECAY,SHORT,LONG,31.7090,96.8830,0.3273,-0.1755,86905.60,0.00,False,86905.60,40.26,100.00,100.00,86905.60,86905.60,-0.2879
2025-11-25T23:51:03.082793,DECAY,SHORT,LONG,32.9120,98.0860,0.3355,-0.1755,86905.60,0.00,False,86905.60,40.26,100.00,100.00,86905.60,86905.60,-0.2879
2025-11-25T23:51:03.084362,DECAY,SHORT,LONG,35.2290,100.4030,0.3509,-0.1755,86905.60,0.00,False,86905.60,40.26,100.00,100.00,86905.60,86905.60,-0.2879
2025-11-25T23:51:03.086109,DECAY,SHORT,LONG,36.6370,101.8110,0.3599,-0.1755,86905.60,0.00,False,86905.60,40.26,100.00,100.00,86905.60,86905.60,-0.2879
2025-11-25T23:51:03.087667,DECAY,SHORT,LONG,37.7870,102.9610,0.3670,-0.1755,86905.60,0.00,False,86905.60,40.26,100.00,100.00,86905.60,86905.60,-0.2879
2025-11-25T23:51:03.089390,DECAY,SHORT,LONG,40.2310,103.0690,0.3903,-0.1755,86905.60,0.00,False,86905.60,40.26,100.00,100.00,86905.60,86905.60,-0.2879
2025-11-25T23:51:03.090827,PREDICTION,SHORT,LONG,44.0550,103.8890,0.4241,-0.1755,86905.60,0.55,True,86905.60,40.26,100.00,100.00,86905.60,86905.60,-0.2879
2025-11-25T23:51:03.092175,PREDICTION,SHORT,LONG,48.2780,102.6900,0.4701,-0.1755,86905.60,0.55,True,86905.60,40.26,100.00,100.00,86905.60,86905.60,-0.2879
2025-11-25T23:51:03.093580,PREDICTION,SHORT,LONG,52.7620,102.7960,0.5133,-0.1755,86905.60,0.55,True,86905.60,40.26,100.00,100.00,86905.60,86905.60,-0.2879
2025-11-25T23:51:03.095101,PREDICTION,SHORT,LONG,58.0340,102.1620,0.5681,-0.1755,86905.60,0.55,True,86905.60,40.26,100.00,100.00,86905.60,86905.60,-0.2879
2025-11-25T23:51:03.096782,PREDICTION,SHORT,LONG,61.3730,103.4130,0.5935,-0.1755,86905.60,0.55,True,86905.60,40.26,100.00,100.00,86905.60,86905.60,-0.2879
2025-11-25T23:51:03.098498,PREDICTION,SHORT,LONG,64.7940,104.6340,0.6192,-0.1755,86905.65,0.55,True,86905.61,88.36,100.00,100.00,86905.65,86905.57,-0.2879
2025-11-25T23:51:03.100094,PREDICTION,SHORT,LONG,68.5390,105.0110,0.6527,-0.1755,86905.65,0.55,True,86905.61,88.36,100.00,100.00,86905.65,86905.57,-0.2879
2025-11-25T23:51:03.101596,PREDICTION,SHORT,LONG,72.3690,106.2390,0.6812,-0.1755,86905.65,0.55,True,86905.61,88.36,100.00,100.00,86905.65,86905.57,-0.2879
2025-11-25T23:51:03.103096,PREDICTION,SHORT,LONG,77.7740,103.1900,0.7537,-0.1755,86905.65,0.55,True,86905.61,88.36,100.00,100.00,86905.65,86905.57,-0.2879
2025-11-25T23:51:03.104541,MONITOR,LONG,LONG,81.5930,104.0130,0.7845,-0.1755,86905.65,0.00,False,86905.61,88.36,100.00,100.00,86905.65,86905.57,-0.2879
2025-11-25T23:51:03.106253,MONITOR,LONG,LONG,90.1820,102.6640,0.8784,-0.1755,86905.65,0.00,False,86905.61,88.36,100.00,100.00,86905.65,86905.57,-0.2879
2025-11-25T23:51:03.107755,MONITOR,LONG,LONG,92.2920,102.6500,0.8991,-0.1755,86905.65,0.00,False,86905.61,88.36,100.00,100.00,86905.65,86905.57,-0.2879
2025-11-25T23:51:03.109194,MONITOR,LONG,LONG,98.9710,98.9710,1.0000,-0.1755,86905.65,0.00,False,86905.61,88.36,100.00,100.00,86905.65,86905.57,-0.2879
2025-11-25T23:51:03.110794,MONITOR,LONG,LONG,97.0990,97.0990,1.0000,-0.1755,86905.65,0.00,False,86905.61,88.36,100.00,100.00,86905.65,86905.57,-0.2879
2025-11-25T23:51:03.112385,MONITOR,LONG,LONG,95.5920,95.5920,1.0000,-0.1755,86905.65,0.00,False,86905.61,88.36,100.00,100.00,86905.65,86905.57,-0.2879
2025-11-25T23:51:03.113967,MONITOR,LONG,LONG,95.4890,95.4890,1.0000,-0.1755,86905.65,0.00,False,86905.61,88.36,100.00,100.00,86905.65,86905.57,-0.2879
2025-11-25T23:51:03.116007,MONITOR,LONG,LONG,95.5180,95.5180,1.0000,-0.1755,86905.65,0.00,False,86905.65,88.36,0.00,0.00,86905.65,86905.65,-0.2879
2025-11-25T23:51:03.118039,MONITOR,LONG,LONG,94.7450,94.7450,1.0000,-0.1755,86905.65,0.00,False,86905.65,88.36,0.00,0.00,86905.65,86905.65,-0.2879
2025-11-25T23:51:03.119848,MONITOR,LONG,LONG,94.7760,94.7760,1.0000,-0.1755,86905.65,0.00,False,86905.65,88.36,0.00,0.00,86905.65,86905.65,-0.2879
2025-11-25T23:51:03.121613,MONITOR,LONG,LONG,95.3200,95.3200,1.0000,-0.1755,86905.65,0.00,False,86905.65,88.36,0.00,0.00,86905.65,86905.65,-0.2879
2025-11-25T23:51:03.123226,MONITOR,LONG,LONG,95.3480,95.3480,1.0000,-0.1755,86905.65,0.00,False,86905.65,88.36,0.00,0.00,86905.65,86905.65,-0.2879
2025-11-25T23:51:03.124908,MONITOR,LONG,LONG,94.0110,94.0110,1.0000,-0.1755,86905.65,0.00,False,86905.65,88.36,0.00,0.00,86905.65,86905.65,-0.2879
2025-11-25T23:51:03.126460,MONITOR,LONG,LONG,100.9500,100.9500,1.0000,-0.1755,86905.65,0.00,False,86905.65,88.36,0.00,0.00,86905.65,86905.65,-0.2879
2025-11-25T23:51:03.128052,MONITOR,LONG,LONG,100.0510,100.0510,1.0000,-0.1755,86905.65,0.00,False,86905.65,88.36,0.00,0.00,86905.65,86905.65,-0.2879
2025-11-25T23:51:03.129437,MONITOR,LONG,LONG,100.0510,100.0510,1.0000,-0.1755,86905.65,0.00,False,86905.65,88.36,0.00,0.00,86905.65,86905.65,-0.2879
2025-11-25T23:51:03.131283,MONITOR,LONG,LONG,102.4090,102.4090,1.0000,-0.1755,86905.65,0.00,False,86905.65,88.36,0.00,0.00,86905.65,86905.65,-0.2879
2025-11-25T23:51:03.132959,MONITOR,LONG,LONG,100.9630,100.9630,1.0000,-0.1755,86905.65,0.00,False,86905.65,88.36,0.00,0.00,86905.65,86905.65,-0.2879
2025-11-25T23:51:03.134655,MONITOR,LONG,LONG,102.0990,102.0990,1.0000,-0.1755,86905.65,0.00,False,86905.65,88.36,0.00,0.00,86905.65,86905.65,-0.2879
2025-11-25T23:51:03.138948,MONITOR,LONG,LONG,104.0910,104.0910,1.0000,-0.1755,86940.15,0.00,False,86913.04,84.87,66.92,58.42,86935.89,86890.19,-0.2483
2025-11-25T23:51:03.141333,MONITOR,LONG,LONG,104.1810,104.1810,1.0000,-0.1755,86962.85,0.00,False,86943.55,75.54,86.09,65.22,86956.97,86930.13,-0.2222
2025-11-25T23:51:03.143220,MONITOR,LONG,LONG,103.0630,103.0630,1.0000,-0.1755,86964.35,0.00,False,86963.52,81.82,100.00,100.00,86964.96,86962.09,-0.2205
2025-11-25T23:51:03.151323,MONITOR,LONG,LONG,102.5350,102.5350,1.0000,0.3822,86967.10,0.00,False,86967.10,92.76,0.00,66.67,86967.10,86967.10,-0.2174
2025-11-25T23:51:03.156875,MONITOR,LONG,LONG,97.4210,103.0110,0.9457,0.3822,86967.65,0.00,False,86967.44,99.99,100.00,100.00,86967.93,86966.95,-0.2167
2025-11-25T23:51:03.335276,MONITOR,LONG,LONG,95.1750,103.0570,0.9235,0.6400,86964.90,0.00,False,86965.20,29.81,0.00,0.00,86965.95,86964.46,-0.2199
2025-11-25T23:51:03.363478,MONITOR,LONG,LONG,94.0560,101.9380,0.9227,0.6400,86965.25,0.00,False,86964.48,63.19,100.00,90.31,86965.67,86963.30,-0.2195
2025-11-25T23:51:03.394637,MONITOR,LONG,LONG,90.3430,103.3490,0.8742,0.6400,86963.30,0.00,False,86963.95,13.95,0.00,13.40,86965.25,86962.65,-0.2217
2025-11-25T23:51:03.397631,MONITOR,LONG,LONG,86.2180,102.8140,0.8386,0.6400,86963.30,0.00,False,86963.30,13.95,0.00,0.00,86963.30,86963.30,-0.2217
2025-11-25T23:51:03.706095,MONITOR,LONG,LONG,82.8350,103.6670,0.7990,-0.9809,86953.65,0.00,False,86953.65,78.83,0.00,0.00,86953.65,86953.65,-0.2328
2025-11-25T23:51:03.787778,MONITOR,LONG,LONG,78.8730,105.0490,0.7508,-0.7474,86948.75,0.00,False,86949.56,0.00,0.00,0.00,86952.40,86946.72,-0.2384
2025-11-25T23:51:04.313374,MONITOR,LONG,LONG,73.8340,105.4540,0.7002,-0.5132,86943.65,0.00,False,86943.65,50.00,50.00,50.00,86943.65,86943.65,-0.2443
2025-11-25T23:51:04.713893,MONITOR,LONG,LONG,71.1200,105.1680,0.6763,-0.4209,86937.05,0.00,False,86937.05,0.11,0.00,0.00,86937.05,86937.05,-0.2518
2025-11-25T23:51:04.786762,DECAY,LONG,LONG,67.9610,105.9690,0.6413,-0.6629,86936.75,0.00,False,86936.75,0.00,0.00,0.00,86936.75,86936.75,-0.2522
2025-11-25T23:51:05.007991,MONITOR,LONG,LONG,72.5130,110.5210,0.6561,-0.6527,86937.15,0.00,False,86937.08,100.00,0.00,0.00,86937.31,86936.85,-0.2517
2025-11-25T23:51:05.017050,MONITOR,LONG,LONG,72.5680,110.5760,0.6563,-0.6527,86941.25,0.00,False,86940.66,100.00,0.00,0.00,86942.20,86939.12,-0.2470
2025-11-25T23:51:08.634884,DECAY,LONG,LONG,68.0920,110.4660,0.6164,-0.8492,86946.95,0.00,False,86949.90,0.00,50.00,50.00,86951.28,86948.51,-0.2405
2025-11-25T23:51:10.401132,DECAY,LONG,LONG,64.5890,111.5630,0.5789,-0.4102,86942.05,0.00,False,86942.05,0.00,0.00,0.00,86942.05,86942.05,-0.2461
2025-11-25T23:51:11.006113,DECAY,LONG,LONG,60.2410,111.2770,0.5414,-0.6535,86909.65,0.00,False,86909.65,50.00,50.00,50.00,86909.65,86909.65,-0.2833
2025-11-25T23:51:15.249808,DECAY,LONG,LONG,60.6200,111.6560,0.5429,-0.6229,86909.65,0.00,False,86909.65,50.00,50.00,50.00,86909.65,86909.65,-0.2833
2025-11-25T23:51:16.705643,DECAY,LONG,LONG,58.3030,111.6730,0.5221,-0.8525,86905.65,0.00,False,86906.65,0.00,0.00,50.00,86910.20,86903.10,-0.2879
2025-11-25T23:51:18.603642,DECAY,LONG,LONG,66.9790,120.3490,0.5565,0.0304,86913.75,0.00,False,86912.41,100.00,0.00,0.00,86913.78,86911.04,-0.2786
2025-11-25T23:51:19.285882,DECAY,LONG,LONG,63.6540,119.0300,0.5348,0.4754,86918.05,0.00,False,86918.05,50.00,50.00,50.00,86918.05,86918.05,-0.2736
2025-11-25T23:51:19.597290,DECAY,LONG,LONG,60.9920,118.6680,0.5140,0.5495,86918.05,0.00,False,86918.05,50.00,50.00,50.00,86918.05,86918.05,-0.2736
2025-11-25T23:51:23.961108,DECAY,LONG,LONG,60.4140,118.0900,0.5116,-0.2869,86910.25,0.00,False,86910.25,50.00,50.00,50.00,86910.25,86910.25,-0.2826
2025-11-25T23:51:28.022543,DECAY,LONG,LONG,59.6000,117.2760,0.5082,0.0958,86934.55,0.00,False,86934.56,0.00,0.00,0.00,86934.59,86934.52,-0.2547
2025-11-25T23:51:28.026698,DECAY,LONG,LONG,55.9230,116.3630,0.4806,0.0958,86934.15,0.00,False,86934.15,0.00,0.00,0.00,86934.15,86934.15,-0.2552
2025-11-25T23:51:30.380029,DECAY,LONG,LONG,51.9010,115.7430,0.4484,-0.7301,86921.35,0.00,False,86921.37,15.03,0.00,0.00,86921.70,86921.04,-0.2699
2025-11-25T23:51:34.466124,DECAY,LONG,LONG,4.4890,41.8810,0.1072,0.5635,86893.65,0.00,False,86893.65,50.00,50.00,50.00,86893.65,86893.65,-0.3016
2025-11-25T23:51:34.569974,DECAY,LONG,LONG,2.5150,43.8550,0.0573,0.1480,86893.65,0.00,False,86893.65,50.00,50.00,50.00,86893.65,86893.65,-0.3016
2025-11-25T23:51:36.103047,DECAY,LONG,SHORT,-4.2920,34.2140,0.1254,-0.7209,86897.95,0.00,False,86897.95,0.00,0.00,0.00,86897.95,86897.95,-0.2967
2025-11-25T23:51:40.112973,DECAY,LONG,SHORT,-0.4490,33.6910,0.0133,0.8356,86926.65,0.00,False,86926.65,75.70,100.00,100.00,86926.65,86926.65,-0.2638
2025-11-25T23:51:41.643370,DECAY,LONG,LONG,6.8940,32.3720,0.2130,0.2575,86924.15,0.00,False,86924.15,50.00,50.00,50.00,86924.15,86924.15,-0.2666
2025-11-25T23:51:52.426188,DECAY,LONG,SHORT,-3.0270,18.8150,0.1609,0.0264,86889.65,0.00,False,86889.65,50.00,50.00,50.00,86889.65,86889.65,-0.3062
2025-11-25T23:51:53.667389,DECAY,LONG,SHORT,-5.7870,21.5750,0.2682,-0.1605,86899.65,0.00,False,86899.65,100.00,0.00,0.00,86899.65,86899.65,-0.2948
2025-11-25T23:51:54.727659,WARNING,LONG,SHORT,-8.9920,21.3460,0.4212,0.9228,86901.25,0.30,False,86901.25,50.00,50.00,50.00,86901.25,86901.25,-0.2929
2025-11-25T23:52:03.892007,PREDICTION,LONG,SHORT,-9.8010,19.1450,0.5119,-0.4140,86902.45,0.50,True,86902.45,50.00,50.00,50.00,86902.45,86902.45,-0.2915
2025-11-25T23:52:04.332502,PREDICTION,LONG,SHORT,-8.8010,20.1450,0.4369,-0.1536,86902.45,0.50,True,86902.45,50.00,50.00,50.00,86902.45,86902.45,0.0000
2025-11-25T23:52:10.116080,DECAY,LONG,LONG,7.2030,23.4770,0.3068,-0.5804,86908.85,0.00,False,86908.85,100.00,0.00,0.00,86908.85,86908.85,0.0074
2025-11-25T23:52:20.157353,DECAY,LONG,LONG,5.3640,21.6380,0.2479,0.6489,86925.25,0.00,False,86925.25,50.00,50.00,50.00,86925.25,86925.25,0.0262
2025-11-25T23:52:27.234772,MONITOR,LONG,LONG,13.2070,17.9810,0.7345,0.8468,86955.65,0.00,False,86955.16,100.00,0.00,0.00,86955.57,86954.74,0.0612
2025-11-25T23:52:28.455720,DECAY,LONG,LONG,11.9420,19.2460,0.6205,0.5792,86974.95,0.00,False,86974.95,100.00,0.00,0.00,86974.95,86974.95,0.0834
2025-11-25T23:52:28.695254,DECAY,LONG,LONG,7.9420,23.2460,0.3417,0.5253,86974.95,0.00,False,86974.95,50.00,50.00,50.00,86974.95,86974.95,0.0834
2025-11-25T23:52:28.719573,DECAY,LONG,LONG,8.9620,24.2660,0.3693,0.5253,86975.05,0.00,False,86975.05,100.00,0.00,0.00,86975.05,86975.05,0.0835
2025-11-25T23:52:36.143254,DECAY,LONG,LONG,8.3490,22.8790,0.3649,-0.1396,86997.45,0.00,False,86997.45,50.00,50.00,50.00,86997.45,86997.45,0.1093
2025-11-25T23:52:53.834705,DECAY,LONG,LONG,5.9610,20.4910,0.2909,0.4555,86984.85,0.00,False,86984.85,50.00,50.00,50.00,86984.85,86984.85,0.0948
2025-11-25T23:52:58.002522,DECAY,LONG,LONG,2.3430,19.9230,0.1176,0.4822,86987.65,0.00,False,86988.58,0.00,50.00,50.00,86990.26,86986.90,0.0980
2025-11-25T23:52:58.658919,DECAY,LONG,LONG,4.9070,19.9570,0.2459,0.1273,86983.55,0.00,False,86983.55,50.00,50.00,50.00,86983.55,86983.55,0.0933
2025-11-25T23:53:03.418580,DECAY,LONG,LONG,8.8870,15.9370,0.5576,0.3345,86983.55,0.00,False,86983.55,50.00,50.00,50.00,86983.55,86983.55,0.0933
2025-11-25T23:53:05.341377,DECAY,LONG,LONG,10.3680,17.4180,0.5952,0.1374,86989.55,0.00,False,86989.55,50.00,50.00,50.00,86989.55,86989.55,0.1002
2025-11-25T23:53:08.543540,MONITOR,LONG,LONG,11.1360,16.6500,0.6688,-0.6892,86990.55,0.00,False,86990.55,50.00,50.00,50.00,86990.55,86990.55,0.1014
2025-11-25T23:53:09.864958,DECAY,LONG,LONG,8.1910,19.5950,0.4180,-0.6715,86984.25,0.00,False,86984.25,0.00,0.00,0.00,86984.25,86984.25,0.0941
2025-11-25T23:53:10.228859,DECAY,LONG,LONG,15.1910,26.5950,0.5712,0.2705,86984.25,0.00,False,86984.25,50.00,50.00,50.00,86984.25,86984.25,0.0941
2025-11-25T23:53:10.768538,DECAY,LONG,LONG,11.1590,30.6270,0.3644,0.2005,86984.15,0.00,False,86984.15,0.00,0.00,0.00,86984.15,86984.15,0.0940
2025-11-25T23:53:25.115882,DECAY,LONG,LONG,2.2470,21.7150,0.1035,0.9899,87000.95,0.00,False,87000.95,100.00,0.00,0.00,87000.95,87000.95,0.1133
2025-11-25T23:53:25.707605,DECAY,LONG,LONG,4.9730,24.4410,0.2035,0.7533,87011.85,0.00,False,87011.85,100.00,0.00,0.00,87011.85,87011.85,0.1259
2025-11-25T23:53:27.776513,DECAY,LONG,LONG,7.7330,27.2010,0.2843,-0.2910,87008.65,0.00,False,87008.65,50.00,50.00,50.00,87008.65,87008.65,0.1222
2025-11-25T23:53:34.852291,DECAY,LONG,LONG,8.2490,24.6670,0.3344,0.9828,86995.25,0.00,False,86995.25,100.00,0.00,0.00,86995.25,86995.25,0.1068
2025-11-25T23:53:41.804205,DECAY,LONG,LONG,5.9940,9.9600,0.6018,-0.4079,87026.55,0.00,False,87028.34,0.00,0.00,50.00,87030.87,87025.80,0.1428
2025-11-25T23:53:41.856716,DECAY,LONG,LONG,3.6380,12.3160,0.2954,-0.9303,87023.45,0.00,False,87023.85,3.74,0.00,2.32,87024.63,87023.08,0.1392
2025-11-25T23:53:54.763847,DECAY,LONG,LONG,2.4970,13.4570,0.1856,-0.7629,87004.25,0.00,False,87004.80,0.00,50.00,50.00,87005.52,87004.08,0.1171
2025-11-25T23:54:01.389081,DECAY,LONG,SHORT,-0.4770,10.4830,0.0455,0.0886,86993.25,0.00,False,86993.25,50.00,50.00,50.00,86993.25,86993.25,0.1045
2025-11-25T23:54:05.380054,DECAY,LONG,SHORT,-0.5940,10.3660,0.0573,-0.1315,86954.90,0.00,False,86954.19,100.00,50.00,50.00,86954.52,86953.85,0.0604
2025-11-25T23:54:05.619657,DECAY,LONG,LONG,0.8230,11.7830,0.0698,0.7703,86959.15,0.00,False,86959.15,100.00,0.00,0.00,86959.15,86959.15,0.0652
2025-11-25T23:54:08.217844,DECAY,LONG,SHORT,-0.2120,12.8180,0.0165,-0.9161,86942.95,0.00,False,86944.94,0.00,0.00,0.00,86946.49,86943.39,0.0466
2025-11-25T23:54:08.224952,DECAY,LONG,SHORT,-2.5460,15.1520,0.1680,-0.9161,86943.60,0.00,False,86943.06,52.41,91.86,97.29,86943.58,86942.54,0.0474
2025-11-25T23:54:08.228442,DECAY,LONG,SHORT,-5.3550,17.9610,0.2981,-0.9161,86943.60,0.00,False,86943.35,52.41,91.86,91.86,86944.02,86942.69,0.0474
2025-11-25T23:54:10.295486,DECAY,LONG,SHORT,-6.3550,18.9610,0.3352,-0.3468,86943.55,0.00,False,86943.55,50.00,50.00,50.00,86943.55,86943.55,0.0473
2025-11-25T23:54:14.566844,DECAY,LONG,SHORT,-0.1800,16.4580,0.0109,-0.3659,86948.35,0.00,False,86943.67,100.00,50.00,50.00,86946.60,86940.74,0.0528
2025-11-25T23:54:15.683216,DECAY,LONG,SHORT,-2.5050,18.7830,0.1334,0.1569,86955.85,0.00,False,86955.85,50.00,50.00,50.00,86955.85,86955.85,0.0614
2025-11-25T23:54:17.826910,DECAY,LONG,SHORT,-4.1690,20.4470,0.2039,0.9825,86957.35,0.00,False,86957.34,100.00,0.00,0.00,86957.41,86957.26,0.0632
2025-11-25T23:54:19.127253,DECAY,LONG,SHORT,-6.0350,22.3130,0.2705,0.6212,86962.55,0.00,False,86963.20,0.00,0.00,0.00,86964.17,86962.23,0.0692
2025-11-25T23:54:27.905947,DECAY,LONG,SHORT,-6.0370,22.3150,0.2705,-0.0536,86998.55,0.00,False,86998.55,50.00,50.00,50.00,86998.55,86998.55,0.1106
2025-11-25T23:54:41.096106,DECAY,LONG,LONG,0.8400,14.8360,0.0566,0.2193,87002.95,0.00,False,87001.74,100.00,0.00,0.00,87004.94,86998.53,0.1156
2025-11-25T23:54:45.265907,DECAY,LONG,SHORT,-2.0870,14.0910,0.1481,-0.9841,86997.45,0.00,False,86998.17,0.00,0.00,0.00,86999.23,86997.11,0.1093
2025-11-25T23:54:47.136673,DECAY,LONG,SHORT,-0.8020,12.8060,0.0626,-0.9508,86986.75,0.00,False,86986.76,0.00,0.00,0.00,86986.79,86986.72,0.0970
2025-11-25T23:54:47.141650,DECAY,LONG,SHORT,-1.8360,13.8400,0.1327,-0.9508,86985.30,0.00,False,86986.14,19.46,0.00,18.72,86987.45,86984.84,0.0953
2025-11-25T23:54:52.697621,DECAY,LONG,LONG,3.6940,12.3100,0.3001,-0.4247,86971.75,0.00,False,86971.75,50.00,50.00,50.00,86971.75,86971.75,0.0797
2025-11-25T23:54:59.597364,DECAY,LONG,LONG,3.6020,12.4020,0.2904,-0.7679,86968.15,0.00,False,86968.15,50.00,50.00,50.00,86968.15,86968.15,0.0756
2025-11-25T23:55:00.140260,DECAY,LONG,LONG,5.8020,14.6020,0.3973,0.6357,86968.95,0.00,False,86968.57,100.00,0.00,50.00,86969.13,86968.00,0.0765
2025-11-25T23:55:00.165737,DECAY,LONG,LONG,7.3910,16.1910,0.4565,0.6357,86972.25,0.00,False,86972.06,100.00,100.00,100.00,86972.49,86971.64,0.0803
2025-11-25T23:55:00.876885,DECAY,LONG,LONG,9.7530,18.5530,0.5257,-0.9933,86958.65,0.00,False,86958.65,0.00,0.00,0.00,86958.65,86958.65,0.0647
2025-11-25T23:55:01.503819,DECAY,LONG,LONG,8.6020,19.7040,0.4366,-0.6770,86955.35,0.00,False,86955.35,50.00,50.00,50.00,86955.35,86955.35,0.0609
2025-11-25T23:55:04.674444,DECAY,LONG,LONG,10.4980,21.6000,0.4860,-0.2866,86950.75,0.00,False,86949.47,100.00,50.00,50.00,86950.78,86948.16,0.0556
2025-11-25T23:55:13.821964,DECAY,LONG,LONG,5.7600,16.8620,0.3416,-0.3193,86931.65,0.00,False,86931.64,100.00,0.00,0.00,86931.73,86931.55,0.0336
2025-11-25T23:55:26.941174,DECAY,LONG,LONG,8.0190,12.7910,0.6269,-0.4456,86950.85,0.00,False,86950.85,50.00,50.00,50.00,86950.85,86950.85,0.0557
2025-11-25T23:55:41.121259,DECAY,LONG,LONG,1.0050,8.3710,0.1201,-0.7494,86926.45,0.00,False,86926.45,50.00,50.00,50.00,86926.45,86926.45,0.0276
2025-11-25T23:55:44.777219,DECAY,LONG,SHORT,-2.6650,9.5130,0.2801,-0.7546,86913.25,0.00,False,86913.46,0.00,0.00,0.00,86914.54,86912.37,0.0124
2025-11-25T23:55:47.175693,PREDICTION,LONG,SHORT,-5.1280,11.9760,0.4282,-0.8682,86900.35,0.50,True,86900.94,0.00,50.00,50.00,86902.26,86899.61,-0.0024
2025-11-25T23:55:51.014095,DECAY,LONG,SHORT,-2.8190,14.2850,0.1973,0.1505,86910.25,0.00,False,86910.25,50.00,50.00,50.00,86910.25,86910.25,0.0114
2025-11-25T23:56:01.000641,DECAY,LONG,SHORT,-5.0090,14.2870,0.3506,-0.6081,86898.10,0.00,False,86898.87,0.00,0.00,0.00,86899.90,86897.84,-0.0026
2025-11-25T23:56:04.740296,DECAY,LONG,SHORT,-2.2980,14.5040,0.1584,-0.2413,86889.00,0.00,False,86888.37,100.00,50.00,50.00,86889.27,86887.47,-0.0131
2025-11-25T23:56:05.753554,DECAY,LONG,SHORT,-1.0950,15.7070,0.0697,0.6442,86890.05,0.00,False,86890.05,50.00,50.00,50.00,86890.05,86890.05,-0.0119
2025-11-25T23:56:06.241282,DECAY,LONG,LONG,2.4770,19.2790,0.1285,0.5252,86892.80,0.00,False,86892.80,100.00,0.00,0.00,86892.80,86892.80,-0.0087
2025-11-25T23:56:08.463459,DECAY,LONG,LONG,4.7840,21.5860,0.2216,0.0322,86892.05,0.00,False,86892.05,50.00,50.00,50.00,86892.05,86892.05,-0.0096
2025-11-25T23:56:12.567389,DECAY,LONG,LONG,8.9580,20.8880,0.4289,0.9275,86888.75,0.00,False,86888.75,100.00,0.00,0.00,86888.75,86888.75,-0.0133
2025-11-25T23:56:15.852480,DECAY,LONG,LONG,12.5090,19.6270,0.6373,0.7696,86899.45,0.00,False,86899.45,100.00,0.00,0.00,86899.45,86899.45,-0.0010
2025-11-25T23:56:17.011178,DECAY,LONG,LONG,7.5090,24.6270,0.3049,0.4605,86900.75,0.00,False,86900.75,50.00,50.00,50.00,86900.75,86900.75,0.0005
2025-11-25T23:56:24.886006,DECAY,LONG,LONG,9.9680,22.1600,0.4498,-0.6756,86882.25,0.00,False,86882.25,50.00,50.00,50.00,86882.25,86882.25,-0.0208
2025-11-25T23:56:25.911174,DECAY,LONG,LONG,8.6770,23.4510,0.3700,-0.9142,86864.45,0.00,False,86864.45,50.00,50.00,50.00,86864.45,86864.45,-0.0413
2025-11-25T23:56:26.582118,DECAY,LONG,LONG,6.3930,25.7350,0.2484,-0.6635,86849.15,0.00,False,86849.34,0.00,0.00,0.00,86849.63,86849.05,-0.0589
2025-11-25T23:56:29.922152,DECAY,LONG,LONG,8.2510,27.5930,0.2990,0.4312,86832.55,0.00,False,86830.61,100.00,50.00,50.00,86832.37,86828.85,-0.0780
2025-11-25T23:56:30.072237,DECAY,LONG,LONG,6.9230,28.9210,0.2394,0.9742,86835.85,0.00,False,86835.85,50.00,50.00,50.00,86835.85,86835.85,-0.0742
2025-11-25T23:56:30.094208,DECAY,LONG,LONG,8.4380,30.4360,0.2772,0.9739,86839.45,0.00,False,86839.45,100.00,0.00,0.00,86839.45,86839.45,-0.0701
2025-11-25T23:56:31.016641,DECAY,LONG,LONG,11.4080,31.2140,0.3655,0.1786,86854.15,0.00,False,86854.15,50.00,50.00,50.00,86854.15,86854.15,-0.0532
2025-11-25T23:56:37.905306,DECAY,LONG,LONG,1.6550,23.8290,0.0695,-0.8195,86844.15,0.00,False,86844.15,50.00,50.00,50.00,86844.15,86844.15,-0.0647
2025-11-25T23:56:41.306804,DECAY,LONG,LONG,1.6620,23.8360,0.0697,-0.9520,86830.40,0.00,False,86830.62,0.00,0.00,0.00,86830.78,86830.47,-0.0805
2025-11-25T23:56:44.811154,DECAY,LONG,LONG,1.2690,23.4430,0.0541,-0.5251,86837.55,0.00,False,86837.55,50.00,50.00,50.00,86837.55,86837.55,-0.0723
2025-11-25T23:56:47.041739,DECAY,LONG,LONG,6.3530,18.5270,0.3429,0.8433,86843.20,0.00,False,86841.87,100.00,0.00,50.00,86843.83,86839.91,-0.0658
2025-11-25T23:56:48.473246,DECAY,LONG,LONG,4.7160,20.1640,0.2339,-0.3178,86849.95,0.00,False,86849.95,50.00,50.00,50.00,86849.95,86849.95,-0.0580
2025-11-25T23:56:53.568785,DECAY,LONG,LONG,3.6800,21.2000,0.1736,-0.9121,86899.25,0.00,False,86899.25,0.00,0.00,0.00,86899.25,86899.25,-0.0013
2025-11-25T23:56:53.578669,DECAY,LONG,LONG,2.3140,22.5660,0.1025,-0.9121,86899.25,0.00,False,86899.25,0.00,0.00,0.00,86899.25,86899.25,-0.0013
2025-11-25T23:56:54.009853,DECAY,LONG,LONG,4.6150,24.8670,0.1856,-0.2770,86899.25,0.00,False,86899.25,50.00,50.00,50.00,86899.25,86899.25,-0.0013
2025-11-25T23:56:57.198373,DECAY,LONG,LONG,8.1940,21.2960,0.3848,-0.1363,86899.25,0.00,False,86899.25,50.00,50.00,50.00,86899.25,86899.25,-0.0013
2025-11-25T23:56:59.020488,DECAY,LONG,LONG,5.7270,23.7630,0.2410,-0.0100,86899.25,0.00,False,86899.25,50.00,50.00,50.00,86899.25,86899.25,-0.0013
2025-11-25T23:57:00.188453,DECAY,LONG,LONG,0.6700,22.0740,0.0304,-0.0425,86899.25,0.00,False,86899.25,50.00,50.00,50.00,86899.25,86899.25,-0.0013
2025-11-25T23:57:00.293494,DECAY,LONG,LONG,2.3010,23.7050,0.0971,0.6396,86901.95,0.00,False,86899.96,100.00,50.00,50.00,86902.34,86897.59,0.0018
2025-11-25T23:57:06.905446,DECAY,LONG,LONG,1.4830,22.8870,0.0648,0.8570,86919.05,0.00,False,86919.05,100.00,0.00,0.00,86919.05,86919.05,0.0215
2025-11-25T23:57:08.222809,DECAY,LONG,LONG,3.6670,22.7030,0.1615,0.9961,86946.40,0.00,False,86945.54,100.00,0.00,0.00,86946.05,86945.02,0.0530
2025-11-25T23:57:10.474942,DECAY,LONG,LONG,2.1170,24.2530,0.0873,-0.4663,86975.95,0.00,False,86975.95,0.00,0.00,0.00,86975.95,86975.95,0.0870
2025-11-25T23:57:11.194117,DECAY,LONG,LONG,3.5820,25.7180,0.1393,-0.0862,86949.15,0.00,False,86949.15,0.00,0.00,0.00,86949.15,86949.15,0.0562
2025-11-25T23:57:12.756257,DECAY,LONG,LONG,3.5470,25.6830,0.1381,-0.0760,86944.05,0.00,False,86944.05,50.00,50.00,50.00,86944.05,86944.05,0.0503
2025-11-25T23:57:21.532495,DECAY,LONG,SHORT,-11.0330,35.1150,0.3142,0.4535,86949.90,0.00,False,86954.03,0.00,0.00,0.00,86955.98,86952.09,0.0570
2025-11-25T23:57:24.401212,DECAY,LONG,SHORT,-9.7600,31.5840,0.3090,0.4928,86944.45,0.00,False,86944.26,100.00,50.00,50.00,86944.64,86943.87,0.0507
2025-11-25T23:57:24.714077,DECAY,LONG,SHORT,-3.7870,37.5570,0.1008,-0.8589,86946.55,0.00,False,86946.55,50.00,50.00,50.00,86946.55,86946.55,0.0532
2025-11-25T23:57:26.205993,DECAY,LONG,SHORT,-5.3740,39.1440,0.1373,-0.8755,86949.05,0.00,False,86949.81,0.00,50.00,50.00,86950.47,86949.16,0.0560
2025-11-25T23:57:26.610712,DECAY,LONG,SHORT,-7.3740,41.1440,0.1792,-0.9302,86944.75,0.00,False,86944.75,50.00,50.00,50.00,86944.75,86944.75,0.0511
2025-11-25T23:57:30.098203,DECAY,LONG,LONG,18.4640,62.0480,0.2976,-0.7305,86949.95,0.00,False,86949.95,50.00,50.00,50.00,86949.95,86949.95,0.0571
2025-11-25T23:57:30.145879,MONITOR,LONG,LONG,89.3100,132.8940,0.6720,-0.7305,86955.50,0.00,False,86953.29,100.00,0.00,0.00,86956.42,86950.17,0.0635
2025-11-25T23:57:30.313050,MONITOR,LONG,LONG,91.7620,129.3220,0.7096,0.1882,86961.55,0.00,False,86961.55,50.00,50.00,50.00,86961.55,86961.55,0.0704
2025-11-25T23:57:31.127044,MONITOR,LONG,LONG,90.0980,130.9860,0.6878,-0.4493,86960.25,0.00,False,86960.25,0.00,0.00,0.00,86960.25,86960.25,0.0689
2025-11-25T23:57:43.570316,MONITOR,LONG,LONG,87.2850,125.0730,0.6979,-0.6260,86947.15,0.00,False,86947.15,50.00,50.00,50.00,86947.15,86947.15,0.0539
2025-11-25T23:57:55.877407,MONITOR,LONG,LONG,92.6580,105.4100,0.8790,0.3108,86909.85,0.00,False,86909.85,50.00,50.00,50.00,86909.85,86909.85,0.0109
2025-11-25T23:58:06.316102,MONITOR,LONG,LONG,7.0680,9.3180,0.7585,0.3454,86926.05,0.00,False,86926.05,100.00,0.00,0.00,86926.05,86926.05,0.0296
2025-11-25T23:58:11.768034,MONITOR,LONG,LONG,8.0690,10.3190,0.7820,0.6439,86958.75,0.00,False,86958.75,50.00,50.00,50.00,86958.75,86958.75,0.0672
2025-11-25T23:58:17.489109,DECAY,LONG,LONG,5.5830,9.9310,0.5622,-0.4396,86967.45,0.00,False,86967.45,0.00,0.00,0.00,86967.45,86967.45,0.0772
2025-11-25T23:58:17.588473,DECAY,LONG,LONG,4.4130,11.1010,0.3975,-0.9588,86967.45,0.00,False,86967.45,50.00,50.00,50.00,86967.45,86967.45,0.0772
2025-11-25T23:58:20.890999,DECAY,LONG,LONG,2.5500,12.9640,0.1967,-0.7477,86959.35,0.00,False,86960.79,13.34,55.31,50.00,86963.95,86957.62,0.0679
2025-11-25T23:58:23.127938,DECAY,LONG,LONG,1.3930,14.1210,0.0986,-0.8127,86947.75,0.00,False,86948.23,0.00,50.00,50.00,86948.86,86947.60,0.0545
2025-11-25T23:58:24.047556,DECAY,LONG,LONG,2.5480,15.2760,0.1668,0.2530,86929.85,0.00,False,86929.85,50.00,50.00,50.00,86929.85,86929.85,0.0339
2025-11-25T23:58:28.877793,DECAY,LONG,LONG,1.2820,16.5420,0.0775,-0.5866,86911.55,0.00,False,86911.55,0.00,0.00,0.00,86911.55,86911.55,0.0129
2025-11-25T23:58:32.533598,DECAY,LONG,LONG,3.5860,18.8460,0.1903,0.5735,86910.85,0.00,False,86910.85,100.00,0.00,0.00,86910.85,86910.85,0.0121
2025-11-25T23:58:44.993317,WARNING,LONG,SHORT,-7.3290,14.2470,0.5144,0.5591,86913.35,0.30,False,86913.35,50.00,50.00,50.00,86913.35,86913.35,0.0150
2025-11-25T23:58:46.715765,DECAY,LONG,SHORT,-5.9320,15.6440,0.3792,0.6509,86918.35,0.00,False,86914.17,100.00,50.00,50.00,86917.59,86910.76,0.0058
2025-11-25T23:58:48.034707,DECAY,LONG,SHORT,-1.3880,15.7500,0.0881,0.9822,86920.15,0.00,False,86920.15,100.00,0.00,0.00,86920.15,86920.15,0.0078
2025-11-25T23:58:51.866244,DECAY,LONG,SHORT,-1.0900,15.4520,0.0705,0.3736,86929.75,0.00,False,86929.75,50.00,50.00,50.00,86929.75,86929.75,0.0189
2025-11-25T23:58:52.079996,DECAY,LONG,LONG,1.2150,17.7570,0.0684,0.3897,86929.85,0.00,False,86929.85,100.00,0.00,0.00,86929.85,86929.85,0.0190
2025-11-25T23:59:00.545500,DECAY,LONG,LONG,2.4260,14.2360,0.1704,0.7371,86941.35,0.00,False,86941.35,100.00,0.00,0.00,86941.35,86941.35,0.0322
2025-11-25T23:59:05.323601,DECAY,LONG,LONG,2.4190,14.2290,0.1700,-0.7087,86942.25,0.00,False,86942.25,50.00,50.00,50.00,86942.25,86942.25,0.0333
2025-11-25T23:59:05.446315,DECAY,LONG,LONG,1.0560,15.5920,0.0677,-0.7652,86939.25,0.00,False,86939.56,0.00,0.00,0.00,86941.00,86938.11,0.0298
2025-11-25T23:59:08.685900,DECAY,LONG,SHORT,-0.7550,17.4030,0.0434,-0.8245,86925.70,0.00,False,86925.76,0.00,0.00,0.00,86925.95,86925.56,0.0142
2025-11-25T23:59:10.113892,DECAY,LONG,SHORT,-2.0930,18.7410,0.1117,-0.6660,86910.75,0.00,False,86911.69,0.00,50.00,50.00,86912.85,86910.54,-0.0030
2025-11-25T23:59:11.895235,DECAY,LONG,SHORT,-3.3970,20.0450,0.1695,-0.1717,86910.05,0.00,False,86910.05,50.00,50.00,50.00,86910.05,86910.05,-0.0038
2025-11-25T23:59:15.591672,DECAY,LONG,SHORT,-1.4120,18.0600,0.0782,-0.5785,86897.45,0.00,False,86897.45,0.00,0.00,0.00,86897.45,86897.45,-0.0183
2025-11-25T23:59:16.928565,DECAY,LONG,SHORT,-1.5060,17.9660,0.0838,-0.4104,86886.85,0.00,False,86886.85,50.00,50.00,50.00,86886.85,86886.85,-0.0305
2025-11-25T23:59:21.390374,DECAY,LONG,SHORT,-1.5330,17.9390,0.0855,0.0495,86886.85,0.00,False,86886.85,50.00,50.00,50.00,86886.85,86886.85,-0.0305
2025-11-25T23:59:23.942746,DECAY,LONG,SHORT,-3.5260,15.3220,0.2301,0.2379,86891.25,0.00,False,86891.25,50.00,50.00,50.00,86891.25,86891.25,-0.0254
2025-11-25T23:59:25.262823,DECAY,LONG,SHORT,-2.4150,16.4330,0.1470,0.9703,86897.95,0.00,False,86897.95,100.00,0.00,0.00,86897.95,86897.95,-0.0177
2025-11-25T23:59:31.600558,DECAY,LONG,SHORT,-2.4460,16.4640,0.1486,-0.7257,86918.45,0.00,False,86918.45,0.00,0.00,0.00,86918.45,86918.45,0.0059
2025-11-25T23:59:36.994586,DECAY,LONG,SHORT,-1.0570,15.1270,0.0699,-0.2370,86907.55,0.00,False,86907.55,50.00,50.00,50.00,86907.55,86907.55,-0.0067
2025-11-25T23:59:50.213068,DECAY,LONG,LONG,4.4960,9.4280,0.4769,0.8129,86921.45,0.00,False,86919.91,100.00,50.00,50.00,86920.90,86918.92,0.0093
2025-11-25T23:59:53.076830,DECAY,LONG,LONG,4.5010,9.4330,0.4772,0.3581,86922.45,0.00,False,86922.45,100.00,0.00,0.00,86922.45,86922.45,0.0105
2025-11-25T23:59:54.198008,DECAY,LONG,LONG,4.3360,9.5980,0.4518,0.4612,86923.15,0.00,False,86923.15,100.00,0.00,0.00,86923.15,86923.15,0.0113
2025-11-26T00:00:00.884355,DECAY,LONG,LONG,2.2170,9.4950,0.2335,-0.1340,86936.70,0.00,False,86938.91,0.00,0.00,0.00,86941.56,86936.26,0.0269
2025-11-26T00:00:00.910549,DECAY,LONG,SHORT,-0.1000,11.8120,0.0085,-0.1340,86929.65,0.00,False,86930.20,0.04,0.00,0.00,86930.76,86929.64,0.0188
2025-11-26T00:00:00.914342,DECAY,LONG,SHORT,-1.2500,12.9620,0.0964,-0.1340,86929.65,0.00,False,86930.20,0.04,0.00,0.00,86930.76,86929.64,0.0188
2025-11-26T00:00:00.940494,DECAY,LONG,SHORT,-4.1610,15.8730,0.2621,-0.1340,86926.15,0.00,False,86926.45,0.00,0.00,0.00,86927.32,86925.58,0.0147
2025-11-26T00:00:01.395063,DECAY,LONG,SHORT,-1.8440,18.1900,0.1014,-0.3339,86925.35,0.00,False,86925.35,50.00,50.00,50.00,86925.35,86925.35,0.0138
2025-11-26T00:00:03.385107,DECAY,LONG,LONG,7.9680,25.5760,0.3115,-0.7027,86949.95,0.00,False,86949.95,100.00,0.00,0.00,86949.95,86949.95,0.0421
2025-11-26T00:00:03.422474,MONITOR,LONG,LONG,82.8540,100.4620,0.8247,-0.7027,86957.70,0.00,False,86950.42,100.00,50.00,50.00,86953.88,86946.96,0.0510
2025-11-26T00:00:03.943409,MONITOR,LONG,LONG,81.7340,101.5820,0.8046,-0.7657,86959.75,0.00,False,86959.75,0.00,0.00,0.00,86959.75,86959.75,0.0534
2025-11-26T00:00:07.729782,MONITOR,LONG,LONG,81.0290,100.8770,0.8032,0.5427,86957.75,0.00,False,86956.82,100.00,50.00,50.00,86957.31,86956.34,0.0511
2025-11-26T00:00:07.735059,MONITOR,LONG,LONG,83.4860,103.3340,0.8079,0.5427,86958.65,0.00,False,86957.02,100.00,50.00,50.00,86958.09,86955.95,0.0521
2025-11-26T00:00:09.886089,MONITOR,LONG,LONG,85.8290,105.6770,0.8122,-0.2742,86956.15,0.00,False,86956.15,50.00,50.00,50.00,86956.15,86956.15,0.0492
2025-11-26T00:00:16.262136,MONITOR,LONG,LONG,87.1030,106.9510,0.8144,0.9411,86922.85,0.00,False,86922.61,100.00,0.00,0.00,86922.92,86922.30,0.0109
2025-11-26T00:00:19.670651,MONITOR,LONG,LONG,90.1050,109.9530,0.8195,-0.7508,86923.95,0.00,False,86923.95,0.00,0.00,0.00,86923.95,86923.95,0.0122
2025-11-26T00:00:19.711182,MONITOR,LONG,LONG,93.4010,113.2490,0.8247,-0.7508,86924.65,0.00,False,86924.12,100.00,50.00,50.00,86924.74,86923.51,0.0130
2025-11-26T00:00:20.630147,MONITOR,LONG,LONG,93.3510,113.1990,0.8247,0.7272,86927.95,0.00,False,86927.95,100.00,0.00,0.00,86927.95,86927.95,0.0168
2025-11-26T00:00:21.362300,MONITOR,LONG,LONG,92.2560,114.2940,0.8072,0.5052,86926.60,0.00,False,86929.40,0.00,50.00,50.00,86930.72,86928.08,0.0152
2025-11-26T00:00:23.088578,MONITOR,LONG,LONG,95.4740,117.5120,0.8125,-0.3340,86931.55,0.00,False,86931.55,100.00,0.00,0.00,86931.55,86931.55,0.0209
2025-11-26T00:00:24.970790,MONITOR,LONG,LONG,95.7580,117.2280,0.8169,-0.7689,86935.25,0.00,False,86935.32,0.00,0.00,0.00,86935.56,86935.09,0.0252
2025-11-26T00:00:27.125561,MONITOR,LONG,LONG,98.0420,119.5120,0.8204,0.4801,86930.05,0.00,False,86930.05,50.00,50.00,50.00,86930.05,86930.05,0.0192
2025-11-26T00:00:29.074520,MONITOR,LONG,LONG,102.6300,124.1000,0.8270,0.9959,86946.95,0.00,False,86946.95,50.00,50.00,50.00,86946.95,86946.95,0.0387
2025-11-26T00:00:30.826281,MONITOR,LONG,LONG,164.7390,186.2090,0.8847,-0.5344,86958.75,0.00,False,86951.85,100.00,50.00,50.00,86957.24,86946.45,0.0522
2025-11-26T00:00:31.337153,MONITOR,LONG,LONG,169.6490,181.2990,0.9357,-0.2380,86976.15,0.00,False,86976.87,0.00,0.00,0.00,86978.79,86974.96,0.0723
2025-11-26T00:00:31.343569,MONITOR,LONG,LONG,168.6490,182.2990,0.9251,-0.2380,86976.15,0.00,False,86976.15,0.00,0.00,0.00,86976.15,86976.15,0.0723
2025-11-26T00:00:32.930343,MONITOR,LONG,LONG,167.6360,181.2860,0.9247,-0.8345,86971.65,0.00,False,86971.65,50.00,50.00,50.00,86971.65,86971.65,0.0671
2025-11-26T00:00:36.065122,MONITOR,LONG,LONG,86.2710,97.6810,0.8832,-0.9147,86962.15,0.00,False,86962.15,50.00,50.00,50.00,86962.15,86962.15,0.0561
2025-11-26T00:00:41.888106,MONITOR,LONG,LONG,81.1710,92.5810,0.8768,-0.2660,86947.45,0.00,False,86947.45,50.00,50.00,50.00,86947.45,86947.45,0.0392
2025-11-26T00:00:43.791558,MONITOR,LONG,LONG,83.7180,95.1280,0.8801,0.4185,86953.55,0.00,False,86953.39,100.00,50.00,50.00,86953.79,86952.99,0.0463
2025-11-26T00:00:43.950110,MONITOR,LONG,LONG,82.4300,96.4160,0.8549,0.9220,86953.55,0.00,False,86953.55,50.00,50.00,50.00,86953.55,86953.55,0.0463
2025-11-26T00:00:51.782042,MONITOR,LONG,LONG,73.4370,87.9050,0.8354,-0.3529,86977.55,0.00,False,86977.55,0.00,0.00,0.00,86977.55,86977.55,0.0739
2025-11-26T00:01:05.849879,DECAY,LONG,LONG,7.4910,12.7390,0.5880,-0.0686,86972.15,0.00,False,86972.15,50.00,50.00,50.00,86972.15,86972.15,0.0677
2025-11-26T00:01:10.204010,MONITOR,LONG,LONG,12.7570,18.0050,0.7085,-0.6849,86961.65,0.00,False,86960.64,100.00,50.00,50.00,86961.59,86959.70,0.0556
2025-11-26T00:01:11.886371,DECAY,LONG,LONG,11.5990,19.1630,0.6053,-0.7774,86946.05,0.00,False,86946.49,0.00,0.00,0.00,86947.60,86945.38,0.0376
2025-11-26T00:01:19.306909,MONITOR,LONG,LONG,12.5490,17.5370,0.7156,0.1137,86985.85,0.00,False,86985.36,91.84,100.00,100.00,86987.04,86983.67,0.0834
2025-11-26T00:01:19.449509,MONITOR,LONG,LONG,15.7740,20.7620,0.7598,-0.1856,86987.75,0.00,False,86986.26,81.62,50.00,50.00,86987.57,86984.96,0.0856
2025-11-26T00:01:19.755322,MONITOR,LONG,LONG,14.5600,21.9760,0.6625,0.1195,86991.35,0.00,False,86991.77,0.00,50.00,50.00,86992.27,86991.27,0.0897
2025-11-26T00:01:22.123302,MONITOR,LONG,LONG,17.1330,21.8770,0.7832,-0.0958,86984.25,0.00,False,86984.25,50.00,50.00,50.00,86984.25,86984.25,0.0816
2025-11-26T00:01:24.279447,MONITOR,LONG,LONG,23.9870,28.7310,0.8349,0.1978,86981.05,0.00,False,86981.05,50.00,50.00,50.00,86981.05,86981.05,0.0779
2025-11-26T00:01:25.655072,DECAY,LONG,LONG,18.0730,34.6450,0.5217,-0.1213,86982.85,0.00,False,86982.85,50.00,50.00,50.00,86982.85,86982.85,0.0800
2025-11-26T00:01:27.761213,DECAY,LONG,LONG,19.1860,35.7580,0.5366,-0.4829,86974.35,0.00,False,86974.35,50.00,50.00,50.00,86974.35,86974.35,0.0702
2025-11-26T00:01:28.448121,DECAY,LONG,LONG,21.1890,37.7610,0.5611,-0.1112,86976.15,0.00,False,86976.15,50.00,50.00,50.00,86976.15,86976.15,0.0723
2025-11-26T00:01:32.075117,DECAY,LONG,LONG,22.2030,38.7750,0.5726,0.9890,86950.35,0.00,False,86950.35,100.00,0.00,0.00,86950.35,86950.35,0.0426
2025-11-26T00:01:34.575163,DECAY,LONG,LONG,19.8710,41.1070,0.4834,0.3166,86956.55,0.00,False,86956.55,0.00,0.00,0.00,86956.55,86956.55,0.0497
2025-11-26T00:01:37.594923,DECAY,LONG,LONG,13.1750,37.3030,0.3532,0.4129,86970.05,0.00,False,86970.05,0.00,0.00,0.00,86970.05,86970.05,0.0652
2025-11-26T00:01:39.022198,DECAY,LONG,LONG,20.3280,44.4560,0.4573,0.1522,86966.05,0.00,False,86966.05,50.00,50.00,50.00,86966.05,86966.05,0.0606
2025-11-26T00:01:43.248092,DECAY,LONG,LONG,13.9390,38.3130,0.3638,-0.8125,86980.05,0.00,False,86980.05,50.00,50.00,50.00,86980.05,86980.05,0.0767
2025-11-26T00:01:45.117365,DECAY,LONG,LONG,15.0880,39.4620,0.3823,-0.1941,86976.05,0.00,False,86976.05,0.00,0.00,0.00,86976.05,86976.05,0.0721
2025-11-26T00:01:47.586977,DECAY,LONG,LONG,14.0880,40.4620,0.3482,0.9570,86976.05,0.00,False,86976.05,50.00,50.00,50.00,86976.05,86976.05,0.0721
2025-11-26T00:01:49.698040,DECAY,LONG,LONG,9.3510,35.7250,0.2617,0.9115,87002.50,0.00,False,87000.48,100.00,0.00,0.00,87002.80,86998.16,0.1026
2025-11-26T00:01:54.770122,DECAY,LONG,SHORT,-1.2070,30.1010,0.0401,-0.9712,86972.10,0.00,False,86978.04,3.83,71.78,79.37,86987.47,86968.61,0.0676
2025-11-26T00:01:54.788649,DECAY,LONG,SHORT,-0.2020,31.1060,0.0065,0.2291,86973.25,0.00,False,86973.25,100.00,0.00,0.00,86973.25,86973.25,0.0689
2025-11-26T00:02:01.639320,DECAY,LONG,LONG,5.6080,25.0880,0.2235,0.7266,87015.05,0.00,False,87015.05,100.00,0.00,0.00,87015.05,87015.05,0.1170
2025-11-26T00:02:05.344650,DECAY,LONG,LONG,9.9190,24.7350,0.4010,-0.6126,86978.50,0.00,False,86977.79,100.00,50.00,50.00,86978.12,86977.45,0.0750
2025-11-26T00:02:06.021672,DECAY,LONG,SHORT,-3.3080,37.9620,0.0871,0.7378,86967.90,0.00,False,86975.88,0.00,50.00,50.00,86987.42,86964.35,0.0628
2025-11-26T00:02:06.034000,DECAY,LONG,SHORT,-4.3080,38.9620,0.1106,0.7378,86964.75,0.00,False,86964.76,0.00,0.00,0.00,86964.90,86964.63,0.0591
2025-11-26T00:02:06.037068,DECAY,LONG,SHORT,-6.6250,41.2790,0.1605,0.7378,86964.75,0.00,False,86964.76,0.00,0.00,0.00,86964.90,86964.63,0.0591
2025-11-26T00:02:06.040558,DECAY,LONG,SHORT,-7.9310,42.5850,0.1862,0.7378,86968.90,0.00,False,86967.24,97.72,100.00,100.00,86971.41,86963.07,0.0639
2025-11-26T00:02:06.042920,DECAY,LONG,SHORT,-10.2480,44.9020,0.2282,0.7378,86968.90,0.00,False,86967.24,97.72,100.00,100.00,86971.41,86963.07,0.0639
2025-11-26T00:02:06.045550,DECAY,LONG,SHORT,-11.2770,45.9310,0.2455,0.7378,86968.90,0.00,False,86967.24,97.72,100.00,100.00,86971.41,86963.07,0.0639
2025-11-26T00:02:06.048146,DECAY,LONG,SHORT,-12.4880,47.1420,0.2649,0.7378,86968.90,0.00,False,86967.24,97.72,100.00,100.00,86971.41,86963.07,0.0639
2025-11-26T00:02:06.050725,DECAY,LONG,SHORT,-14.8080,49.4620,0.2994,0.7378,86968.90,0.00,False,86967.24,97.72,100.00,100.00,86971.41,86963.07,0.0639
2025-11-26T00:02:06.147842,DECAY,LONG,SHORT,-16.2200,50.8740,0.3188,-0.3981,86967.35,0.00,False,86967.35,50.00,50.00,50.00,86967.35,86967.35,0.0621
2025-11-26T00:02:06.168690,DECAY,LONG,SHORT,-14.3450,52.7490,0.2719,-0.3981,86968.10,0.00,False,86967.39,100.00,50.00,50.00,86967.72,86967.05,0.0630
2025-11-26T00:02:06.198268,DECAY,LONG,SHORT,-12.7640,54.3300,0.2349,0.7086,86972.75,0.00,False,86972.64,100.00,0.00,0.00,86972.91,86972.37,0.0683
2025-11-26T00:02:11.336878,DECAY,LONG,SHORT,-13.4690,50.7330,0.2655,-0.9661,86988.45,0.00,False,86988.45,50.00,50.00,50.00,86988.45,86988.45,0.0864
2025-11-26T00:02:26.830707,DECAY,LONG,SHORT,-15.8760,44.8020,0.3544,-0.7328,86954.85,0.00,False,86956.21,0.00,0.00,0.00,86957.61,86954.81,0.0477
2025-11-26T00:02:26.840376,DECAY,LONG,SHORT,-16.8760,45.8020,0.3685,-0.7328,86949.15,0.00,False,86949.15,0.00,0.00,0.00,86949.15,86949.15,0.0412
2025-11-26T00:02:28.676295,DECAY,LONG,SHORT,-18.1110,47.0370,0.3850,-0.9765,86935.45,0.00,False,86935.45,0.00,0.00,0.00,86935.45,86935.45,0.0254
2025-11-26T00:02:31.512829,DECAY,LONG,SHORT,-16.5580,48.5900,0.3408,0.6107,86902.05,0.00,False,86900.94,100.00,50.00,50.00,86902.36,86899.53,-0.0130
2025-11-26T00:02:31.790975,DECAY,LONG,SHORT,-18.4670,46.6810,0.3956,0.5367,86903.05,0.00,False,86903.05,50.00,50.00,50.00,86903.05,86903.05,-0.0119
2025-11-26T00:02:32.097898,PREDICTION,LONG,SHORT,-19.8210,48.0350,0.4126,0.0308,86902.05,0.55,True,86902.92,0.00,50.00,50.00,86903.58,86902.25,-0.0130
2025-11-26T00:02:34.352653,DECAY,LONG,SHORT,-18.4730,49.3830,0.3741,0.7592,86882.85,0.00,False,86882.85,100.00,0.00,0.00,86882.85,86882.85,-0.0221
2025-11-26T00:02:35.094674,PREDICTION,LONG,SHORT,-27.5660,58.4760,0.4714,0.4331,86875.45,0.55,True,86875.53,0.00,0.00,0.00,86875.67,86875.39,-0.0306
2025-11-26T00:02:35.099332,PREDICTION,LONG,SHORT,-28.8300,59.7400,0.4826,0.4331,86875.45,0.55,True,86875.53,0.00,0.00,0.00,86875.67,86875.39,-0.0306
2025-11-26T00:02:35.376111,PREDICTION,LONG,SHORT,-33.6050,58.5290,0.5742,0.4273,86874.15,0.55,True,86874.85,22.97,50.00,50.00,86875.65,86874.05,-0.0321
2025-11-26T00:02:35.975603,PREDICTION,LONG,SHORT,-31.2880,60.8460,0.5142,0.3176,86874.15,0.55,True,86874.15,50.00,50.00,50.00,86874.15,86874.15,-0.0321
2025-11-26T00:02:36.168929,DECAY,LONG,SHORT,-16.7170,46.2750,0.3613,-0.4463,86874.15,0.00,False,86874.15,50.00,50.00,50.00,86874.15,86874.15,-0.0321
2025-11-26T00:02:39.540930,PREDICTION,LONG,SHORT,-28.9700,51.6160,0.5613,0.9159,86877.95,0.55,True,86878.01,13.90,0.00,0.00,86878.39,86877.64,-0.0277
2025-11-26T00:02:45.471721,PREDICTION,LONG,SHORT,-36.4850,49.1270,0.7427,-0.8291,86898.15,0.75,True,86898.15,50.00,50.00,50.00,86898.15,86898.15,0.0233
2025-11-26T00:02:46.939450,PREDICTION,LONG,SHORT,-25.6960,59.9160,0.4289,-0.8521,86888.65,0.75,True,86888.65,0.00,0.00,0.00,86888.65,86888.65,-0.0109
2025-11-26T00:02:46.965040,PREDICTION,LONG,SHORT,-24.5370,61.0750,0.4018,-0.6328,86888.45,0.75,True,86888.47,0.00,0.00,0.00,86888.59,86888.35,-0.0112
2025-11-26T00:02:48.135875,DECAY,LONG,SHORT,-23.1270,62.4850,0.3701,-0.2795,86888.45,0.00,False,86888.45,50.00,50.00,50.00,86888.45,86888.45,-0.0112
2025-11-26T00:02:48.482703,DECAY,LONG,SHORT,-21.5440,64.0680,0.3363,0.0047,86889.35,0.00,False,86889.35,100.00,0.00,0.00,86889.35,86889.35,-0.0101
2025-11-26T00:03:02.007062,DECAY,LONG,SHORT,-12.4250,60.3170,0.2060,-0.6340,86937.75,0.00,False,86936.53,100.00,0.00,50.00,86938.74,86934.32,0.0456
2025-11-26T00:03:09.320758,DECAY,LONG,LONG,10.4170,33.0370,0.3153,-0.9271,86978.25,0.00,False,86978.25,50.00,50.00,50.00,86978.25,86978.25,0.0922
2025-11-26T00:03:37.365228,WARNING,LONG,SHORT,-9.5900,14.9000,0.6436,0.9765,86981.65,0.30,False,86984.52,38.07,38.07,12.69,86989.80,86979.25,0.0961
2025-11-26T00:03:37.368993,PREDICTION,LONG,SHORT,-10.5900,15.9000,0.6660,0.9765,86981.65,0.55,True,86984.52,38.07,38.07,12.69,86989.80,86979.25,0.0000
2025-11-26T00:03:37.375393,PREDICTION,LONG,SHORT,-11.6350,16.9450,0.6866,0.9765,86977.80,0.55,True,86977.80,26.50,0.00,0.00,86977.80,86977.80,-0.0044
2025-11-26T00:03:37.377909,PREDICTION,LONG,SHORT,-12.6660,17.9760,0.7046,0.9765,86977.80,0.55,True,86977.80,26.50,0.00,0.00,86977.80,86977.80,-0.0044
2025-11-26T00:03:37.380853,PREDICTION,LONG,SHORT,-14.9830,20.2930,0.7383,0.9765,86977.80,0.55,True,86977.80,26.50,0.00,0.00,86977.80,86977.80,-0.0044
2025-11-26T00:03:37.383626,PREDICTION,LONG,SHORT,-16.3340,21.6440,0.7547,0.9765,86977.80,0.55,True,86977.80,26.50,0.00,0.00,86977.80,86977.80,-0.0044
2025-11-26T00:03:37.388371,MONITOR,SHORT,SHORT,-17.7270,23.0370,0.7695,0.9765,86977.75,0.00,False,86977.75,0.00,0.00,0.00,86977.75,86977.75,-0.0045
2025-11-26T00:03:37.452399,DECAY,SHORT,SHORT,-13.0640,27.7000,0.4716,-0.8227,86977.75,0.00,False,86977.75,50.00,50.00,50.00,86977.75,86977.75,-0.0045
2025-11-26T00:03:40.121007,DECAY,SHORT,SHORT,-12.3550,28.4090,0.4349,0.9430,87009.15,0.00,False,87009.15,50.00,50.00,50.00,87009.15,87009.15,0.0316
2025-11-26T00:03:40.247045,DECAY,SHORT,SHORT,-19.2650,35.3190,0.5455,0.4862,87011.85,0.00,False,87012.53,0.00,0.00,0.00,87014.98,87010.09,0.0347
2025-11-26T00:03:44.212015,DECAY,SHORT,SHORT,-20.3530,36.4070,0.5590,-0.6161,87005.35,0.00,False,87005.71,0.00,0.00,0.00,87006.75,87004.67,0.0272
2025-11-26T00:03:44.343261,DECAY,SHORT,SHORT,-18.8840,37.8760,0.4986,-0.9238,87008.15,0.00,False,87008.08,100.00,0.00,0.00,87008.37,87007.79,0.0305
2025-11-26T00:03:45.296903,DECAY,SHORT,SHORT,-15.0490,41.7110,0.3608,0.2362,87025.30,0.00,False,87018.36,100.00,50.00,50.00,87022.22,87014.50,0.0502
2025-11-26T00:03:45.450163,DECAY,SHORT,SHORT,-14.0290,42.7310,0.3283,-0.6899,87026.95,0.00,False,87026.95,50.00,50.00,50.00,87026.95,87026.95,0.0521
2025-11-26T00:03:49.559676,DECAY,SHORT,SHORT,-15.4780,44.1800,0.3503,-0.3355,87011.55,0.00,False,87011.55,50.00,50.00,50.00,87011.55,87011.55,0.0344
2025-11-26T00:03:50.925388,DECAY,SHORT,SHORT,-16.4780,45.1800,0.3647,-0.1651,87006.75,0.00,False,87006.75,0.00,0.00,0.00,87006.75,87006.75,0.0289
2025-11-26T00:03:56.708888,DECAY,SHORT,SHORT,-17.7180,46.4200,0.3817,0.5964,87000.05,0.00,False,87000.05,50.00,50.00,50.00,87000.05,87000.05,0.0212
2025-11-26T00:03:56.911826,DECAY,SHORT,SHORT,-30.5460,59.2480,0.5156,0.0948,87000.05,0.00,False,87000.05,50.00,50.00,50.00,87000.05,87000.05,0.0212
2025-11-26T00:03:57.567391,DECAY,SHORT,SHORT,-46.4410,75.1430,0.6180,0.2496,86996.05,0.00,False,86996.83,0.00,0.00,0.00,86998.64,86995.03,0.0166
2025-11-26T00:03:59.468188,DECAY,SHORT,SHORT,-45.4410,76.1430,0.5968,0.3353,86988.55,0.00,False,86988.55,50.00,50.00,50.00,86988.55,86988.55,0.0079
2025-11-26T00:04:05.613266,DECAY,SHORT,SHORT,-45.6460,75.9380,0.6011,-0.4734,86996.45,0.00,False,86996.45,50.00,50.00,50.00,86996.45,86996.45,0.0170
2025-11-26T00:04:11.819819,DECAY,SHORT,SHORT,-27.1580,43.8140,0.6198,-0.0491,87020.95,0.00,False,87020.95,100.00,0.00,0.00,87020.95,87020.95,0.0452
2025-11-26T00:04:16.621041,MONITOR,SHORT,SHORT,-30.8690,37.9270,0.8139,0.5487,87019.15,0.00,False,87019.15,100.00,0.00,0.00,87019.15,87019.15,0.0431
2025-11-26T00:04:19.011338,MONITOR,SHORT,SHORT,-29.5880,39.2080,0.7546,0.1625,87026.45,0.00,False,87026.24,100.00,0.00,0.00,87027.26,87025.21,0.0515
2025-11-26T00:04:22.980196,MONITOR,SHORT,SHORT,-32.9630,42.5830,0.7741,-0.1468,87042.95,0.00,False,87044.60,0.00,50.00,50.00,87046.05,87043.16,0.0705
2025-11-26T00:04:23.177030,MONITOR,SHORT,SHORT,-30.9630,44.5830,0.6945,-0.9800,87041.15,0.00,False,87041.15,0.00,0.00,0.00,87041.15,87041.15,0.0684
2025-11-26T00:04:27.025866,DECAY,SHORT,SHORT,-15.8770,31.5330,0.5035,0.8060,87030.65,0.00,False,87029.46,100.00,0.00,0.00,87030.65,87028.28,0.0563
2025-11-26T00:04:27.514227,DECAY,SHORT,SHORT,-14.8610,32.5490,0.4566,0.8048,87033.35,0.00,False,87032.64,100.00,50.00,50.00,87033.45,87031.82,0.0594
2025-11-26T00:04:31.281281,DECAY,SHORT,LONG,1.0820,16.7020,0.0648,-0.2092,87036.35,0.00,False,87036.35,50.00,50.00,50.00,87036.35,87036.35,0.0629
2025-11-26T00:04:32.502039,DECAY,SHORT,LONG,0.0190,17.7650,0.0011,0.3113,87036.35,0.00,False,87036.41,0.00,0.00,0.00,87036.73,87036.09,0.0629
2025-11-26T00:04:39.687380,DECAY,SHORT,LONG,0.8430,18.5890,0.0453,0.8411,87049.95,0.00,False,87048.51,100.00,0.00,50.00,87051.71,87045.31,0.0785
2025-11-26T00:04:39.792662,DECAY,SHORT,LONG,4.6690,22.4150,0.2083,0.8982,87049.95,0.00,False,87049.95,50.00,50.00,50.00,87049.95,87049.95,0.0785
2025-11-26T00:04:55.518247,WARNING,SHORT,LONG,6.6010,10.8710,0.6072,-0.9877,87011.95,0.30,False,87011.95,50.00,50.00,50.00,87011.95,87011.95,0.0348
2025-11-26T00:04:57.630110,WARNING,SHORT,LONG,6.3020,10.5720,0.5961,-0.5202,87010.85,0.30,False,87010.85,0.00,0.00,0.00,87010.85,87010.85,-0.0013
2025-11-26T00:04:57.729366,WARNING,SHORT,LONG,7.3020,11.5720,0.6310,-0.4941,87013.75,0.30,False,87013.75,100.00,0.00,0.00,87013.75,87013.75,0.0021
2025-11-26T00:05:05.790753,WARNING,SHORT,LONG,5.4790,11.2990,0.4849,-0.9936,86981.35,0.30,False,86981.35,0.00,0.00,0.00,86981.35,86981.35,-0.0352
2025-11-26T00:05:06.604288,DECAY,SHORT,LONG,3.1890,13.5890,0.2347,-0.3797,86971.15,0.00,False,86971.15,50.00,50.00,50.00,86971.15,86971.15,-0.0117
2025-11-26T00:05:08.516316,DECAY,SHORT,LONG,0.3560,16.4220,0.0217,-0.9921,86945.85,0.00,False,86945.85,0.00,0.00,0.00,86945.85,86945.85,-0.0408
2025-11-26T00:05:11.122836,DECAY,SHORT,SHORT,-6.9860,12.4560,0.5609,-0.3918,86903.15,0.00,False,86903.15,0.00,0.00,0.00,86903.15,86903.15,-0.0899
2025-11-26T00:05:12.672886,DECAY,SHORT,SHORT,-5.5050,13.9370,0.3950,0.5299,86903.15,0.00,False,86903.15,100.00,0.00,0.00,86903.15,86903.15,-0.0899
2025-11-26T00:05:16.694435,DECAY,SHORT,SHORT,-1.5030,17.9390,0.0838,-0.5584,86895.35,0.00,False,86895.35,50.00,50.00,50.00,86895.35,86895.35,-0.0989
2025-11-26T00:05:18.611244,DECAY,SHORT,SHORT,-0.0730,19.3690,0.0038,0.5039,86898.70,0.00,False,86896.25,100.00,50.00,50.00,86898.82,86893.69,-0.0950
2025-11-26T00:05:19.239057,DECAY,SHORT,SHORT,-1.3760,20.6720,0.0666,-0.5571,86904.05,0.00,False,86904.10,0.02,0.00,0.00,86904.21,86904.00,-0.0889
2025-11-26T00:05:19.256808,DECAY,SHORT,SHORT,-2.9510,22.2470,0.1326,-0.5571,86901.65,0.00,False,86901.65,0.00,0.00,0.00,86901.65,86901.65,-0.0916
2025-11-26T00:05:19.261931,DECAY,SHORT,SHORT,-5.6610,24.9570,0.2268,-0.5571,86900.35,0.00,False,86900.35,0.00,0.00,0.00,86900.35,86900.35,-0.0931
2025-11-26T00:05:26.382250,DECAY,SHORT,SHORT,-2.5890,25.8850,0.1000,-0.1200,86901.95,0.00,False,86901.95,50.00,50.00,50.00,86901.95,86901.95,-0.0913
2025-11-26T00:05:37.042177,DECAY,SHORT,SHORT,-2.5260,20.3520,0.1241,-0.4846,86902.35,0.00,False,86902.35,0.00,0.00,0.00,86902.35,86902.35,-0.0908
2025-11-26T00:05:48.329823,DECAY,SHORT,SHORT,-5.2480,12.1080,0.4334,-0.6702,86918.15,0.00,False,86918.15,0.00,0.00,0.00,86918.15,86918.15,-0.0727
2025-11-26T00:06:07.054199,MONITOR,SHORT,SHORT,-6.0170,8.2250,0.7316,-0.4002,86882.55,0.00,False,86880.46,53.69,100.00,66.67,86884.95,86875.98,-0.1136
2025-11-26T00:06:07.066030,MONITOR,SHORT,SHORT,-8.3340,10.5420,0.7906,-0.4002,86881.80,0.00,False,86881.80,39.36,50.00,50.00,86881.80,86881.80,-0.1144
2025-11-26T00:06:07.069272,MONITOR,SHORT,SHORT,-10.6510,12.8590,0.8283,-0.4002,86881.80,0.00,False,86881.80,39.36,50.00,50.00,86881.80,86881.80,-0.1144
2025-11-26T00:06:07.072864,MONITOR,SHORT,SHORT,-12.9730,15.1810,0.8546,-0.4002,86881.80,0.00,False,86881.80,39.36,50.00,50.00,86881.80,86881.80,-0.1144
2025-11-26T00:06:07.076353,MONITOR,SHORT,SHORT,-15.3400,17.5480,0.8742,-0.4002,86881.80,0.00,False,86881.80,39.36,50.00,50.00,86881.80,86881.80,-0.1144
2025-11-26T00:06:07.079212,MONITOR,SHORT,SHORT,-16.3630,18.5710,0.8811,-0.4002,86881.80,0.00,False,86881.80,39.36,50.00,50.00,86881.80,86881.80,-0.1144
2025-11-26T00:06:07.081985,MONITOR,SHORT,SHORT,-19.0530,21.2610,0.8961,-0.4002,86881.75,0.00,False,86881.76,33.77,0.00,0.00,86881.79,86881.72,-0.1145
2025-11-26T00:06:07.084945,MONITOR,SHORT,SHORT,-21.6010,23.8090,0.9073,-0.4002,86881.75,0.00,False,86881.76,33.77,0.00,0.00,86881.79,86881.72,-0.1145
2025-11-26T00:06:07.186414,MONITOR,SHORT,SHORT,-24.7880,26.9960,0.9182,-0.8458,86880.05,0.00,False,86880.24,0.00,0.00,0.00,86881.20,86879.28,-0.1165
2025-11-26T00:06:07.936519,MONITOR,SHORT,SHORT,-23.2070,28.5770,0.8121,0.2654,86880.05,0.00,False,86880.05,50.00,50.00,50.00,86880.05,86880.05,-0.1165
2025-11-26T00:06:10.793624,MONITOR,SHORT,SHORT,-21.4750,30.3090,0.7085,-0.9687,86862.10,0.00,False,86860.96,100.00,50.00,50.00,86861.82,86860.10,-0.1371
2025-11-26T00:06:14.927129,MONITOR,SHORT,SHORT,-22.6200,31.4540,0.7191,0.1262,86850.65,0.00,False,86850.65,50.00,50.00,50.00,86850.65,86850.65,-0.1503
2025-11-26T00:06:15.207759,MONITOR,SHORT,SHORT,-21.5310,32.5430,0.6616,0.6469,86852.65,0.00,False,86852.65,100.00,0.00,0.00,86852.65,86852.65,-0.1480
2025-11-26T00:06:16.980030,DECAY,SHORT,SHORT,-20.5000,33.5740,0.6106,-0.3063,86854.15,0.00,False,86854.15,50.00,50.00,50.00,86854.15,86854.15,-0.1462
2025-11-26T00:06:21.371715,DECAY,SHORT,SHORT,-14.9230,35.6310,0.4188,0.3653,86866.15,0.00,False,86864.24,95.93,100.00,100.00,86865.72,86862.77,-0.1324
2025-11-26T00:06:21.604883,DECAY,SHORT,SHORT,-16.5140,37.2220,0.4437,0.0137,86867.65,0.00,False,86867.65,50.00,50.00,50.00,86867.65,86867.65,-0.1307
2025-11-26T00:06:22.648779,DECAY,SHORT,SHORT,-14.9760,38.7600,0.3864,0.5831,86870.35,0.00,False,86870.35,50.00,50.00,50.00,86870.35,86870.35,-0.1276
2025-11-26T00:06:27.671893,DECAY,SHORT,SHORT,-16.5140,40.2980,0.4098,-0.9409,86855.65,0.00,False,86855.65,50.00,50.00,50.00,86855.65,86855.65,-0.1445
2025-11-26T00:06:30.367460,DECAY,SHORT,SHORT,-17.6390,41.4230,0.4258,-0.5099,86849.95,0.00,False,86849.95,50.00,50.00,50.00,86849.95,86849.95,-0.1511
2025-11-26T00:06:32.126165,DECAY,SHORT,SHORT,-13.3360,39.8240,0.3349,-0.3539,86845.25,0.00,False,86845.25,50.00,50.00,50.00,86845.25,86845.25,-0.1565
2025-11-26T00:06:32.772433,DECAY,SHORT,SHORT,-12.2670,40.8930,0.3000,0.4650,86846.05,0.00,False,86846.05,100.00,0.00,0.00,86846.05,86846.05,-0.1556
2025-11-26T00:06:33.226915,DECAY,SHORT,SHORT,-10.6920,42.4680,0.2518,0.7025,86851.25,0.00,False,86851.25,50.00,50.00,50.00,86851.25,86851.25,-0.1496
2025-11-26T00:06:39.650822,DECAY,SHORT,LONG,6.0860,20.3200,0.2995,-0.6358,86830.05,0.00,False,86830.05,50.00,50.00,50.00,86830.05,86830.05,-0.1739
2025-11-26T00:06:40.645365,DECAY,SHORT,LONG,4.9320,21.4740,0.2297,-0.9314,86827.85,0.00,False,86827.85,0.00,0.00,0.00,86827.85,86827.85,-0.1765
2025-11-26T00:06:46.380630,DECAY,SHORT,LONG,1.0740,19.6900,0.0545,-0.9212,86813.35,0.00,False,86814.85,0.00,50.00,50.00,86817.18,86812.51,-0.1931
2025-11-26T00:06:47.608864,DECAY,SHORT,SHORT,-2.2190,20.9210,0.1061,-0.3966,86800.05,0.00,False,86800.05,0.00,0.00,0.00,86800.05,86800.05,-0.2084
2025-11-26T00:06:48.806697,DECAY,SHORT,LONG,0.4260,23.5660,0.0181,0.0300,86788.05,0.00,False,86788.05,50.00,50.00,50.00,86788.05,86788.05,-0.2222
2025-11-26T00:06:49.783552,DECAY,SHORT,SHORT,-3.0270,27.0190,0.1120,-0.2373,86787.95,0.00,False,86787.95,0.00,0.00,0.00,86787.95,86787.95,-0.2223
2025-11-26T00:06:51.092478,DECAY,SHORT,SHORT,-4.6800,28.6720,0.1632,0.1632,86788.85,0.00,False,86788.85,50.00,50.00,50.00,86788.85,86788.85,-0.2213
2025-11-26T00:06:51.096504,DECAY,SHORT,SHORT,-0.4380,32.9140,0.0133,0.1632,86788.85,0.00,False,86788.85,50.00,50.00,50.00,86788.85,86788.85,-0.2213
2025-11-26T00:06:51.099479,DECAY,SHORT,SHORT,-4.3510,36.8270,0.1181,0.1632,86788.85,0.00,False,86788.85,50.00,50.00,50.00,86788.85,86788.85,-0.2213
2025-11-26T00:06:51.899026,DECAY,SHORT,SHORT,-8.6110,33.4530,0.2574,-0.4434,86782.95,0.00,False,86782.95,50.00,50.00,50.00,86782.95,86782.95,-0.2281
2025-11-26T00:06:52.109584,DECAY,SHORT,SHORT,-10.0040,34.8460,0.2871,-0.5978,86778.85,0.00,False,86778.85,0.00,0.00,0.00,86778.85,86778.85,-0.2328
2025-11-26T00:06:52.181329,DECAY,SHORT,SHORT,-14.2760,39.1180,0.3649,-0.5047,86772.35,0.00,False,86777.56,0.00,50.00,50.00,86782.21,86772.91,-0.2403
2025-11-26T00:06:52.188346,DECAY,SHORT,SHORT,-15.3690,40.2110,0.3822,-0.5047,86770.15,0.00,False,86770.15,0.00,0.00,0.00,86770.15,86770.15,-0.2428
2025-11-26T00:06:52.734212,DECAY,SHORT,SHORT,-18.7190,40.4850,0.4624,-0.0798,86770.15,0.00,False,86770.15,50.00,50.00,50.00,86770.15,86770.15,-0.2428
2025-11-26T00:06:53.247118,DECAY,SHORT,SHORT,-22.7260,44.4920,0.5108,-0.7682,86770.15,0.00,False,86770.15,50.00,50.00,50.00,86770.15,86770.15,-0.2428
2025-11-26T00:06:55.985222,DECAY,SHORT,SHORT,-21.5670,45.6510,0.4724,0.7742,86790.30,0.00,False,86788.52,100.00,0.00,50.00,86790.22,86786.81,-0.2196
2025-11-26T00:06:57.466037,DECAY,SHORT,SHORT,-19.8610,47.3570,0.4194,0.4879,86799.40,0.00,False,86799.16,66.44,100.00,50.00,86799.27,86799.05,-0.2092
2025-11-26T00:06:57.476123,DECAY,SHORT,SHORT,-17.4490,49.7690,0.3506,0.4879,86799.40,0.00,False,86799.40,66.44,0.00,0.00,86799.40,86799.40,-0.2092
2025-11-26T00:06:59.529778,DECAY,SHORT,SHORT,-17.3400,49.6600,0.3492,0.2872,86810.65,0.00,False,86811.63,0.00,0.00,50.00,86813.89,86809.37,-0.1962
2025-11-26T00:07:00.743799,DECAY,SHORT,SHORT,-18.7570,51.0770,0.3672,-0.8104,86795.85,0.00,False,86795.85,35.18,0.00,0.00,86795.85,86795.85,-0.2133
2025-11-26T00:07:00.748031,DECAY,SHORT,SHORT,-21.0800,53.4000,0.3948,-0.8104,86795.85,0.00,False,86795.85,35.18,0.00,0.00,86795.85,86795.85,-0.2133
2025-11-26T00:07:00.752367,DECAY,SHORT,SHORT,-22.9170,55.2370,0.4149,-0.8104,86795.85,0.00,False,86795.85,35.18,0.00,0.00,86795.85,86795.85,-0.2133
2025-11-26T00:07:00.758036,DECAY,SHORT,SHORT,-24.4250,56.7450,0.4304,-0.8104,86793.40,0.00,False,86793.42,0.00,0.00,0.00,86793.47,86793.37,-0.2161
2025-11-26T00:07:01.860605,DECAY,SHORT,SHORT,-25.9120,58.2320,0.4450,-0.5276,86782.85,0.00,False,86782.85,0.00,0.00,0.00,86782.85,86782.85,-0.2282
2025-11-26T00:07:01.987869,DECAY,SHORT,SHORT,-27.6630,59.9830,0.4612,-0.8709,86782.65,0.00,False,86782.65,0.00,0.00,0.00,86782.65,86782.65,-0.2284
2025-11-26T00:07:02.634682,DECAY,SHORT,SHORT,-27.7220,59.9240,0.4626,0.4972,86778.35,0.00,False,86778.35,100.00,0.00,0.00,86778.35,86778.35,-0.2334
2025-11-26T00:07:03.937537,DECAY,SHORT,SHORT,-29.3180,58.3280,0.5026,0.5866,86781.05,0.00,False,86780.55,100.00,50.00,50.00,86781.58,86779.52,-0.2303
2025-11-26T00:07:03.965324,DECAY,SHORT,SHORT,-28.3030,59.3430,0.4769,0.9333,86784.75,0.00,False,86784.75,100.00,0.00,0.00,86784.75,86784.75,-0.2260
2025-11-26T00:07:07.478768,DECAY,SHORT,SHORT,-26.6460,61.0000,0.4368,0.4862,86803.75,0.00,False,86803.75,50.00,50.00,50.00,86803.75,86803.75,-0.2042
2025-11-26T00:07:07.733596,DECAY,SHORT,SHORT,-28.1080,62.4620,0.4500,-0.2239,86803.75,0.00,False,86803.75,50.00,50.00,50.00,86803.75,86803.75,-0.2042
2025-11-26T00:07:10.013246,DECAY,SHORT,SHORT,-25.2420,61.8920,0.4078,0.8662,86808.90,0.00,False,86808.79,100.00,0.00,0.00,86809.34,86808.24,-0.1983
2025-11-26T00:07:11.008814,DECAY,SHORT,SHORT,-22.4430,62.3830,0.3598,0.7510,86839.75,0.00,False,86839.43,100.00,0.00,0.00,86839.91,86838.94,-0.1628
2025-11-26T00:07:15.818054,DECAY,SHORT,SHORT,-20.7190,64.1070,0.3232,-0.1102,86840.05,0.00,False,86840.05,100.00,0.00,0.00,86840.05,86840.05,-0.1624
2025-11-26T00:07:16.997409,DECAY,SHORT,SHORT,-30.9530,74.3410,0.4164,0.4469,86851.65,0.00,False,86852.69,0.00,50.00,50.00,86853.19,86852.20,-0.1491
2025-11-26T00:07:22.156084,DECAY,SHORT,SHORT,-17.6620,58.2160,0.3034,-0.2240,86850.35,0.00,False,86850.13,67.71,100.00,100.00,86850.43,86849.84,-0.1506
2025-11-26T00:07:22.166241,DECAY,SHORT,SHORT,-16.6050,59.2730,0.2801,-0.2240,86850.35,0.00,False,86850.35,67.71,0.00,0.00,86850.35,86850.35,-0.1506
2025-11-26T00:07:22.171077,DECAY,SHORT,SHORT,-15.4080,60.4700,0.2548,-0.2240,86850.35,0.00,False,86850.35,50.00,50.00,50.00,86850.35,86850.35,-0.1506
2025-11-26T00:07:27.876560,DECAY,SHORT,SHORT,-10.7250,45.2330,0.2371,-0.9114,86861.85,0.00,False,86862.30,0.00,0.00,0.00,86863.71,86860.89,-0.1374
2025-11-26T00:07:28.497839,DECAY,SHORT,SHORT,-11.9950,46.5030,0.2579,-0.7210,86833.05,0.00,False,86833.38,0.00,0.00,0.00,86834.43,86832.34,-0.1705
2025-11-26T00:07:29.391262,DECAY,SHORT,SHORT,-13.1800,47.6880,0.2764,-0.8863,86830.65,0.00,False,86831.57,0.00,50.00,50.00,86832.53,86830.61,-0.1733
2025-11-26T00:07:37.837758,DECAY,SHORT,SHORT,-5.5840,30.0660,0.1857,-0.8931,86824.55,0.00,False,86824.55,0.00,0.00,0.00,86824.55,86824.55,-0.1803
2025-11-26T00:07:49.548553,DECAY,SHORT,LONG,0.5580,14.8900,0.0375,-0.4506,86825.45,0.00,False,86825.68,0.00,50.00,50.00,86825.99,86825.37,-0.1792
2025-11-26T00:07:54.869958,MONITOR,SHORT,SHORT,-5.9230,8.4090,0.7044,0.5298,86833.85,0.00,False,86833.85,50.00,50.00,50.00,86833.85,86833.85,-0.1696
2025-11-26T00:07:56.945469,DECAY,SHORT,SHORT,-3.6570,10.6750,0.3426,0.0098,86833.85,0.00,False,86833.85,50.00,50.00,50.00,86833.85,86833.85,-0.1696
2025-11-26T00:08:01.214028,DECAY,SHORT,LONG,1.2500,8.2240,0.1520,0.7084,86830.00,0.00,False,86828.83,100.00,50.00,50.00,86831.50,86826.17,-0.1740
2025-11-26T00:08:04.656499,DECAY,SHORT,LONG,2.8270,9.8010,0.2884,0.2105,86834.05,0.00,False,86834.05,50.00,50.00,50.00,86834.05,86834.05,-0.1693
2025-11-26T00:08:07.630107,DECAY,SHORT,LONG,1.5250,11.1030,0.1374,-0.8791,86842.05,0.00,False,86842.05,50.00,50.00,50.00,86842.05,86842.05,-0.1601
2025-11-26T00:08:07.682854,DECAY,SHORT,LONG,3.0460,12.6240,0.2413,-0.4728,86842.05,0.00,False,86842.05,50.00,50.00,50.00,86842.05,86842.05,-0.1601
2025-11-26T00:08:11.635156,DECAY,SHORT,LONG,3.3530,12.3170,0.2722,-0.9882,86820.85,0.00,False,86821.45,0.00,0.00,0.00,86821.97,86820.93,-0.1845
2025-11-26T00:08:11.639025,DECAY,SHORT,LONG,1.0090,14.6610,0.0688,-0.9882,86820.85,0.00,False,86820.85,0.00,0.00,0.00,86820.85,86820.85,-0.1845
2025-11-26T00:08:13.092685,DECAY,SHORT,SHORT,-0.0940,15.7640,0.0060,-0.8440,86816.85,0.00,False,86819.43,0.00,50.00,50.00,86821.63,86817.23,-0.1891
2025-11-26T00:08:15.151569,DECAY,SHORT,SHORT,-6.4120,22.0820,0.2904,0.5805,86810.10,0.00,False,86816.01,0.00,50.00,50.00,86819.95,86812.07,-0.1969
2025-11-26T00:08:39.297375,MONITOR,SHORT,SHORT,-10.1270,12.2490,0.8268,0.6802,86844.15,0.00,False,86842.66,100.00,50.00,50.00,86845.42,86839.91,-0.1577
2025-11-26T00:08:40.623542,MONITOR,SHORT,SHORT,-13.1270,15.2490,0.8608,0.1818,86847.55,0.00,False,86847.55,50.00,50.00,50.00,86847.55,86847.55,-0.1538
2025-11-26T00:08:46.704434,MONITOR,SHORT,SHORT,-7.2980,9.4200,0.7747,-0.9508,86811.95,0.00,False,86813.36,0.00,0.00,0.00,86815.62,86811.10,-0.1948
2025-11-26T00:08:47.805564,DECAY,SHORT,SHORT,-6.2480,10.4700,0.5968,0.0182,86816.25,0.00,False,86816.25,100.00,0.00,0.00,86816.25,86816.25,-0.1898
2025-11-26T00:08:57.364990,MONITOR,SHORT,SHORT,-8.8750,13.0970,0.6776,0.3614,86811.15,0.00,False,86811.15,50.00,50.00,50.00,86811.15,86811.15,-0.1957
2025-11-26T00:09:03.129686,MONITOR,SHORT,SHORT,-13.8750,18.0970,0.7667,-0.2946,86824.05,0.00,False,86824.05,50.00,50.00,50.00,86824.05,86824.05,-0.1808
2025-11-26T00:09:05.956593,MONITOR,SHORT,SHORT,-14.8750,19.0970,0.7789,-0.0852,86814.05,0.00,False,86814.05,50.00,50.00,50.00,86814.05,86814.05,-0.1923
2025-11-26T00:09:11.414976,MONITOR,SHORT,SHORT,-19.4270,21.5270,0.9024,0.7719,86810.05,0.00,False,86810.10,0.00,0.00,0.00,86810.24,86809.95,-0.1969
2025-11-26T00:09:13.540509,MONITOR,SHORT,SHORT,-17.5920,23.3620,0.7530,-0.0625,86810.35,0.00,False,86810.35,50.00,50.00,50.00,86810.35,86810.35,-0.1966
2025-11-26T00:09:14.083452,DECAY,SHORT,SHORT,-13.9450,27.0090,0.5163,0.4472,86813.25,0.00,False,86813.25,100.00,0.00,0.00,86813.25,86813.25,-0.1933
2025-11-26T00:09:15.624774,DECAY,SHORT,SHORT,-15.0990,28.1630,0.5361,-0.7761,86815.80,0.00,False,86816.07,0.00,0.00,0.00,86816.64,86815.51,-0.1903
2025-11-26T00:09:22.304456,DECAY,SHORT,SHORT,-12.6720,23.6360,0.5361,-0.3511,86801.05,0.00,False,86806.38,0.00,0.00,0.00,86811.81,86800.95,-0.2073
2025-11-26T00:09:22.311236,DECAY,SHORT,SHORT,-14.1170,25.0810,0.5629,-0.3511,86798.00,0.00,False,86798.06,39.09,83.92,86.74,86799.40,86796.73,-0.2108
2025-11-26T00:09:22.316565,DECAY,SHORT,SHORT,-15.1530,26.1170,0.5802,-0.3511,86796.55,0.00,False,86797.55,22.18,0.00,0.00,86798.65,86796.46,-0.2125
2025-11-26T00:09:23.246747,DECAY,SHORT,SHORT,-17.0520,28.0160,0.6087,-0.6495,86756.45,0.00,False,86757.00,0.00,0.00,50.00,86758.55,86755.46,-0.2586
2025-11-26T00:09:23.494592,MONITOR,SHORT,SHORT,-24.9510,35.9150,0.6947,-0.7971,86750.05,0.00,False,86750.05,50.00,50.00,50.00,86750.05,86750.05,-0.2659
2025-11-26T00:09:24.257571,MONITOR,SHORT,SHORT,-25.9990,36.9630,0.7034,-0.1941,86730.05,0.00,False,86730.05,50.00,50.00,50.00,86730.05,86730.05,-0.2889
2025-11-26T00:09:26.129149,MONITOR,SHORT,SHORT,-27.5430,38.5070,0.7153,-0.1572,86713.85,0.00,False,86713.85,50.00,50.00,50.00,86713.85,86713.85,-0.3075
2025-11-26T00:09:26.143706,DECAY,SHORT,SHORT,-24.0370,42.0130,0.5721,-0.1572,86719.95,0.00,False,86718.59,100.00,0.00,0.00,86723.59,86713.58,-0.3005
2025-11-26T00:09:26.157325,DECAY,SHORT,SHORT,-19.3120,46.7380,0.4132,-0.1572,86722.60,0.00,False,86722.18,100.00,0.00,0.00,86722.77,86721.58,-0.2975
2025-11-26T00:09:27.794637,DECAY,SHORT,SHORT,-15.1900,45.6060,0.3331,0.6097,86743.25,0.00,False,86743.25,100.00,0.00,0.00,86743.25,86743.25,-0.2737
2025-11-26T00:09:28.391827,DECAY,SHORT,SHORT,-16.3980,46.8140,0.3503,0.4925,86743.25,0.00,False,86743.25,50.00,50.00,50.00,86743.25,86743.25,-0.2737
2025-11-26T00:09:31.320800,DECAY,SHORT,SHORT,-18.1960,48.6120,0.3743,-0.6204,86735.55,0.00,False,86735.57,0.00,0.00,0.00,86735.65,86735.49,-0.2826
2025-11-26T00:09:35.174872,DECAY,SHORT,SHORT,-15.0020,45.4180,0.3303,-0.1342,86729.35,0.00,False,86729.35,50.00,50.00,50.00,86729.35,86729.35,-0.2897
2025-11-26T00:09:36.168725,DECAY,SHORT,SHORT,-15.0490,45.4650,0.3310,-0.2426,86729.35,0.00,False,86729.35,50.00,50.00,50.00,86729.35,86729.35,-0.2897
2025-11-26T00:09:36.949691,DECAY,SHORT,SHORT,-17.5340,47.9500,0.3657,-0.8123,86725.95,0.00,False,86726.43,0.00,0.00,0.00,86727.12,86725.74,-0.2936
2025-11-26T00:09:40.480829,DECAY,SHORT,SHORT,-18.5370,48.9530,0.3787,-0.7627,86707.75,0.00,False,86707.75,50.00,50.00,50.00,86707.75,86707.75,-0.3146
2025-11-26T00:09:41.692528,DECAY,SHORT,SHORT,-15.8580,46.2740,0.3427,-0.7436,86699.95,0.00,False,86699.95,0.00,0.00,0.00,86699.95,86699.95,-0.3235
2025-11-26T00:09:43.458017,DECAY,SHORT,SHORT,-17.3470,47.7630,0.3632,-0.4190,86688.25,0.00,False,86688.25,0.00,0.00,0.00,86688.25,86688.25,-0.3370
2025-11-26T00:09:44.004048,DECAY,SHORT,SHORT,-18.1790,46.9310,0.3874,-0.6729,86688.25,0.00,False,86688.25,50.00,50.00,50.00,86688.25,86688.25,-0.3370
2025-11-26T00:09:44.080513,DECAY,SHORT,SHORT,-20.2200,48.9720,0.4129,-0.6729,86672.25,0.00,False,86672.21,50.44,100.00,100.00,86672.26,86672.17,-0.3554
2025-11-26T00:09:44.084225,DECAY,SHORT,SHORT,-25.2280,46.6860,0.5404,-0.6729,86672.25,0.00,False,86672.21,50.44,100.00,100.00,86672.26,86672.17,-0.3554
2025-11-26T00:09:44.087341,DECAY,SHORT,SHORT,-26.3860,47.8440,0.5515,-0.6729,86672.25,0.00,False,86672.25,50.44,0.00,0.00,86672.25,86672.25,-0.3554
2025-11-26T00:09:44.089334,DECAY,SHORT,SHORT,-27.5500,49.0080,0.5622,-0.6729,86672.25,0.00,False,86672.25,50.44,0.00,0.00,86672.25,86672.25,-0.3554
2025-11-26T00:09:44.093849,DECAY,SHORT,SHORT,-29.0180,50.4760,0.5749,-0.6729,86672.25,0.00,False,86672.25,50.44,0.00,0.00,86672.25,86672.25,-0.3554
2025-11-26T00:09:44.096338,DECAY,SHORT,SHORT,-31.2960,52.7540,0.5932,-0.6729,86672.25,0.00,False,86672.25,50.44,0.00,0.00,86672.25,86672.25,-0.3554
2025-11-26T00:09:44.098391,DECAY,SHORT,SHORT,-34.1730,55.6310,0.6143,-0.6729,86672.25,0.00,False,86672.25,50.44,0.00,0.00,86672.25,86672.25,-0.3554
2025-11-26T00:09:44.102664,DECAY,SHORT,SHORT,-32.9920,56.8120,0.5807,0.2164,86672.65,0.00,False,86672.27,100.00,100.00,33.33,86672.45,86672.09,-0.3549
2025-11-26T00:09:44.659306,DECAY,SHORT,SHORT,-34.3660,58.1860,0.5906,0.4366,86679.95,0.00,False,86679.95,50.00,50.00,50.00,86679.95,86679.95,-0.3465
2025-11-26T00:09:44.887698,DECAY,SHORT,SHORT,-35.9930,59.8130,0.6018,0.2060,86679.95,0.00,False,86679.95,50.00,50.00,50.00,86679.95,86679.95,-0.3465
2025-11-26T00:09:45.084046,DECAY,SHORT,SHORT,-37.8760,61.6960,0.6139,0.1243,86675.05,0.00,False,86675.05,0.00,0.00,0.00,86675.05,86675.05,-0.3521
2025-11-26T00:09:47.134160,DECAY,SHORT,SHORT,-38.7220,62.5420,0.6191,-0.4797,86667.05,0.00,False,86667.05,50.00,50.00,50.00,86667.05,86667.05,-0.3613
2025-11-26T00:09:47.482338,DECAY,SHORT,SHORT,-39.8100,63.6300,0.6256,-0.5794,86663.65,0.00,False,86664.47,0.00,0.00,0.00,86666.72,86662.21,-0.3653
2025-11-26T00:09:47.487185,DECAY,SHORT,SHORT,-43.3550,67.1750,0.6454,-0.5794,86661.65,0.00,False,86663.06,0.00,0.00,0.00,86664.76,86661.36,-0.3676
2025-11-26T00:09:48.140255,DECAY,SHORT,SHORT,-42.1390,68.3910,0.6161,0.0839,86661.15,0.00,False,86661.15,50.00,50.00,50.00,86661.15,86661.15,-0.3681
2025-11-26T00:09:48.262784,DECAY,SHORT,SHORT,-43.5350,69.7870,0.6238,-0.2631,86661.15,0.00,False,86661.15,50.00,50.00,50.00,86661.15,86661.15,-0.3681
2025-11-26T00:09:50.484694,DECAY,SHORT,SHORT,-37.1930,76.1290,0.4886,0.2716,86677.35,0.00,False,86677.35,100.00,0.00,0.00,86677.35,86677.35,-0.3495
2025-11-26T00:09:51.575901,DECAY,SHORT,SHORT,-38.8160,77.7520,0.4992,0.4208,86689.05,0.00,False,86689.05,100.00,0.00,0.00,86689.05,86689.05,-0.3360
2025-11-26T00:09:53.260948,DECAY,SHORT,SHORT,-33.8310,72.7670,0.4649,-0.6837,86703.95,0.00,False,86703.95,0.00,0.00,0.00,86703.95,86703.95,-0.3189
2025-11-26T00:09:55.354965,DECAY,SHORT,SHORT,-21.8730,66.8310,0.3273,-0.9137,86692.05,0.00,False,86692.05,50.00,50.00,50.00,86692.05,86692.05,-0.3326
2025-11-26T00:09:56.195294,DECAY,SHORT,SHORT,-27.3730,58.2430,0.4700,0.7876,86696.75,0.00,False,86695.05,84.63,50.00,50.00,86699.61,86690.49,-0.3272
2025-11-26T00:09:56.322001,DECAY,SHORT,SHORT,-26.3670,59.2490,0.4450,0.0105,86698.95,0.00,False,86698.95,100.00,0.00,0.00,86698.95,86698.95,-0.3247
2025-11-26T00:09:59.511311,DECAY,SHORT,SHORT,-27.9160,57.8080,0.4829,0.0228,86710.85,0.00,False,86710.85,50.00,50.00,50.00,86710.85,86710.85,-0.3110
2025-11-26T00:10:01.669422,DECAY,SHORT,SHORT,-27.8260,57.7180,0.4821,-0.3787,86744.25,0.00,False,86744.25,50.00,50.00,50.00,86744.25,86744.25,-0.2726
2025-11-26T00:10:02.476637,DECAY,SHORT,SHORT,-26.0090,59.5350,0.4369,0.3008,86747.35,0.00,False,86746.73,100.00,0.00,0.00,86749.00,86744.45,-0.2690
2025-11-26T00:10:02.493684,DECAY,SHORT,SHORT,-24.3480,61.1960,0.3979,0.3008,86751.95,0.00,False,86751.59,100.00,0.00,0.00,86753.13,86750.05,-0.2637
2025-11-26T00:10:05.250128,DECAY,SHORT,SHORT,-16.4700,65.4620,0.2516,-0.0160,86762.35,0.00,False,86761.92,100.00,50.00,50.00,86762.22,86761.61,-0.2518
2025-11-26T00:10:05.358822,DECAY,SHORT,SHORT,-14.4430,67.4890,0.2140,0.6978,86765.65,0.00,False,86765.65,100.00,0.00,0.00,86765.65,86765.65,-0.2480
2025-11-26T00:10:08.498685,DECAY,SHORT,SHORT,-12.5470,65.5930,0.1913,-0.9869,86763.45,0.00,False,86763.45,20.60,0.00,0.00,86763.45,86763.45,-0.2505
2025-11-26T00:10:12.130825,DECAY,SHORT,SHORT,-5.7050,62.8050,0.0908,-0.3933,86768.75,0.00,False,86768.32,100.00,50.00,50.00,86768.87,86767.78,-0.2444
2025-11-26T00:10:12.631463,DECAY,SHORT,SHORT,-4.5580,63.9520,0.0713,0.9387,86790.85,0.00,False,86790.85,100.00,0.00,0.00,86790.85,86790.85,-0.2190
2025-11-26T00:10:14.005159,DECAY,SHORT,SHORT,-2.2980,63.2340,0.0363,0.4996,86798.65,0.00,False,86798.65,50.00,50.00,50.00,86798.65,86798.65,-0.2100
2025-11-26T00:10:19.644513,PREDICTION,SHORT,LONG,19.5410,36.6010,0.5339,-0.4269,86775.55,0.55,True,86777.00,0.00,50.00,50.00,86779.70,86774.30,-0.2366
2025-11-26T00:10:20.706938,DECAY,SHORT,LONG,12.1370,31.3210,0.3875,0.2374,86778.25,0.00,False,86778.25,50.00,50.00,50.00,86778.25,86778.25,0.0031
2025-11-26T00:10:33.262374,PREDICTION,SHORT,LONG,10.9600,18.4040,0.5955,0.8193,86810.85,0.75,True,86810.85,100.00,0.00,0.00,86810.85,86810.85,0.0407
2025-11-26T00:10:35.211490,PREDICTION,SHORT,LONG,11.9600,19.4040,0.6164,-0.9062,86822.35,0.55,True,86822.35,50.00,50.00,50.00,86822.35,86822.35,0.0132
2025-11-26T00:11:00.719466,DECAY,SHORT,SHORT,-1.5060,9.4560,0.1593,-0.9444,86821.15,0.00,False,86821.15,0.00,0.00,0.00,86821.15,86821.15,0.0119
2025-11-26T00:11:01.389843,DECAY,SHORT,SHORT,-3.5090,11.4590,0.3062,-0.8355,86817.85,0.00,False,86817.85,50.00,50.00,50.00,86817.85,86817.85,0.0081
2025-11-26T00:11:03.045430,DECAY,SHORT,SHORT,-5.6030,13.5530,0.4134,-0.8175,86811.25,0.00,False,86812.04,0.00,50.00,50.00,86812.60,86811.48,0.0005
2025-11-26T00:11:05.658766,MONITOR,SHORT,SHORT,-10.9130,13.5930,0.8028,-0.9640,86806.85,0.00,False,86808.68,0.00,50.00,50.00,86809.74,86807.62,-0.0046
2025-11-26T00:11:06.930064,DECAY,SHORT,SHORT,-8.6300,15.8760,0.5436,-0.2096,86801.85,0.00,False,86801.85,50.00,50.00,50.00,86801.85,86801.85,-0.0104
2025-11-26T00:11:33.666835,DECAY,SHORT,LONG,2.7060,8.0560,0.3359,-0.1057,86825.60,0.00,False,86822.78,100.00,50.00,50.00,86826.64,86818.93,0.0170
2025-11-26T00:11:40.736743,PREDICTION,SHORT,LONG,8.7100,8.7100,1.0000,0.8465,86838.45,0.75,True,86838.45,50.00,50.00,50.00,86838.45,86838.45,0.0318
2025-11-26T00:11:45.495101,MONITOR,LONG,LONG,9.7100,9.7100,1.0000,-0.2926,86837.75,0.00,False,86837.75,50.00,50.00,50.00,86837.75,86837.75,-0.0008
2025-11-26T00:11:46.950961,MONITOR,LONG,LONG,10.8830,10.8830,1.0000,0.8418,86850.35,0.00,False,86850.21,100.00,0.00,0.00,86850.48,86849.94,0.0137
2025-11-26T00:11:48.617604,MONITOR,LONG,LONG,13.4830,13.4830,1.0000,-0.2467,86846.05,0.00,False,86846.05,50.00,50.00,50.00,86846.05,86846.05,0.0088
2025-11-26T00:11:50.874005,MONITOR,LONG,LONG,20.6390,20.6390,1.0000,0.5110,86833.95,0.00,False,86833.95,50.00,50.00,50.00,86833.95,86833.95,-0.0052
2025-11-26T00:11:58.986925,MONITOR,LONG,LONG,19.5230,21.7550,0.8974,-0.7549,86837.05,0.00,False,86837.05,0.00,0.00,0.00,86837.05,86837.05,-0.0016
2025-11-26T00:12:03.098298,MONITOR,LONG,LONG,20.5490,22.7810,0.9020,0.8229,86901.75,0.00,False,86901.75,100.00,0.00,0.00,86901.75,86901.75,0.0729
2025-11-26T00:12:03.102681,MONITOR,LONG,LONG,21.5910,23.8230,0.9063,0.8229,86901.75,0.00,False,86901.75,100.00,0.00,0.00,86901.75,86901.75,0.0729
2025-11-26T00:12:05.615614,MONITOR,LONG,LONG,17.3320,21.8860,0.7919,-0.9531,86904.05,0.00,False,86904.05,50.00,50.00,50.00,86904.05,86904.05,0.0755
2025-11-26T00:12:07.714057,MONITOR,LONG,LONG,18.4280,22.9820,0.8018,-0.3411,86904.05,0.00,False,86904.05,50.00,50.00,50.00,86904.05,86904.05,0.0755
2025-11-26T00:12:13.667619,MONITOR,LONG,LONG,14.1010,18.6550,0.7559,0.8711,86887.90,0.00,False,86887.51,100.00,0.00,0.00,86888.16,86886.86,0.0569
2025-11-26T00:12:19.332575,DECAY,LONG,LONG,7.7900,15.4200,0.5052,-0.9831,86896.45,0.00,False,86896.45,50.00,50.00,50.00,86896.45,86896.45,0.0668
2025-11-26T00:12:20.412270,DECAY,LONG,LONG,10.4420,18.0720,0.5778,-0.2476,86884.25,0.00,False,86884.25,0.00,0.00,0.00,86884.25,86884.25,0.0527
2025-11-26T00:12:36.864735,DECAY,LONG,LONG,5.2120,8.2880,0.6289,-0.4103,86857.85,0.00,False,86857.85,50.00,50.00,50.00,86857.85,86857.85,0.0223
2025-11-26T00:13:27.708064,DECAY,LONG,SHORT,-2.9930,8.0530,0.3717,0.6419,86880.95,0.00,False,86880.95,100.00,0.00,0.00,86880.95,86880.95,0.0489
2025-11-26T00:13:29.868684,PREDICTION,LONG,SHORT,-4.0710,9.1310,0.4458,-0.7035,86880.95,0.50,True,86880.95,50.00,50.00,50.00,86880.95,86880.95,0.0489
2025-11-26T00:13:34.998141,WARNING,LONG,SHORT,-4.3120,9.3720,0.4601,-0.1159,86890.35,0.30,False,86890.35,50.00,50.00,50.00,86890.35,86890.35,0.0598
2025-11-26T00:13:36.457501,PREDICTION,LONG,SHORT,-5.3380,10.3980,0.5134,-0.5621,86889.45,0.50,True,86889.45,0.00,0.00,0.00,86889.45,86889.45,-0.0010
2025-11-26T00:14:32.410985,WARNING,LONG,SHORT,-5.4690,11.7910,0.4638,0.5613,86809.95,0.30,False,86823.63,0.00,50.00,50.00,86837.67,86809.59,-0.0925
2025-11-26T00:14:32.420708,WARNING,LONG,SHORT,-7.3930,13.7150,0.5390,0.5613,86809.95,0.30,False,86815.08,0.00,0.00,50.00,86831.16,86799.00,0.0000
2025-11-26T00:14:32.426089,WARNING,LONG,SHORT,-9.7280,16.0500,0.6061,0.5613,86809.95,0.30,False,86809.95,0.00,0.00,0.00,86809.95,86809.95,0.0000
2025-11-26T00:14:33.314618,DECAY,LONG,SHORT,-5.4820,20.2960,0.2701,0.0106,86812.20,0.00,False,86811.91,100.00,0.00,0.00,86812.05,86811.78,0.0026
2025-11-26T00:14:36.658612,DECAY,LONG,SHORT,-6.5190,21.3330,0.3056,-0.9294,86799.75,0.00,False,86799.77,0.00,0.00,0.00,86799.86,86799.69,-0.0117
2025-11-26T00:14:43.826321,DECAY,LONG,LONG,17.1370,42.7610,0.4008,-0.2859,86803.45,0.00,False,86802.86,100.00,0.00,0.00,86804.75,86800.97,-0.0075
2025-11-26T00:14:51.474815,DECAY,LONG,LONG,12.5480,43.9260,0.2857,-0.2685,86800.05,0.00,False,86800.05,50.00,50.00,50.00,86800.05,86800.05,-0.0114
2025-11-26T00:14:54.618086,DECAY,LONG,LONG,10.7990,45.6750,0.2364,-0.5337,86799.85,0.00,False,86799.85,0.00,0.00,0.00,86799.85,86799.85,-0.0116
2025-11-26T00:15:03.606526,DECAY,LONG,LONG,15.5970,29.4870,0.5289,0.1456,86757.85,0.00,False,86757.85,0.00,0.00,0.00,86757.85,86757.85,-0.0600
2025-11-26T00:15:05.523041,DECAY,LONG,LONG,14.5010,30.5830,0.4742,-0.5735,86739.55,0.00,False,86739.55,50.00,50.00,50.00,86739.55,86739.55,-0.0811
2025-11-26T00:15:07.505657,DECAY,LONG,LONG,14.4710,30.6130,0.4727,0.3540,86741.25,0.00,False,86741.25,50.00,50.00,50.00,86741.25,86741.25,-0.0791
2025-11-26T00:15:08.486561,DECAY,LONG,LONG,15.7510,31.8930,0.4939,0.3414,86741.25,0.00,False,86741.25,50.00,50.00,50.00,86741.25,86741.25,-0.0791
2025-11-26T00:15:08.518568,DECAY,LONG,LONG,14.7000,32.9440,0.4462,0.3912,86741.25,0.00,False,86741.25,50.00,50.00,50.00,86741.25,86741.25,-0.0791
2025-11-26T00:15:09.821512,DECAY,LONG,LONG,2.4270,45.2170,0.0537,0.9622,86754.50,0.00,False,86765.00,0.00,0.00,0.00,86769.94,86760.06,-0.0639
2025-11-26T00:15:09.830484,DECAY,LONG,LONG,1.4250,46.2190,0.0308,0.9622,86765.55,0.00,False,86765.55,57.36,0.00,0.00,86765.55,86765.55,-0.0511
2025-11-26T00:15:09.833198,DECAY,LONG,SHORT,-0.9040,48.5480,0.0186,0.9622,86765.55,0.00,False,86765.55,57.36,0.00,0.00,86765.55,86765.55,-0.0511
2025-11-26T00:15:09.835977,DECAY,LONG,SHORT,-3.2210,50.8650,0.0633,0.9622,86765.55,0.00,False,86765.55,57.36,0.00,0.00,86765.55,86765.55,-0.0511
2025-11-26T00:15:10.968109,DECAY,LONG,SHORT,-1.6110,52.4750,0.0307,0.5219,86756.55,0.00,False,86756.55,100.00,0.00,0.00,86756.55,86756.55,-0.0615
2025-11-26T00:15:21.385866,PREDICTION,LONG,SHORT,-29.6610,35.4410,0.8369,-0.1851,86748.00,1.00,True,86753.75,0.00,0.00,0.00,86760.45,86747.06,-0.0714
2025-11-26T00:15:21.389569,MONITOR,SHORT,SHORT,-32.1510,37.9310,0.8476,-0.1851,86749.20,0.00,False,86748.07,52.72,100.00,100.00,86749.18,86746.95,0.0014
2025-11-26T00:15:28.175821,MONITOR,SHORT,SHORT,-29.4690,35.2490,0.8360,0.4704,86764.15,0.00,False,86764.15,100.00,0.00,0.00,86764.15,86764.15,0.0186
2025-11-26T00:15:30.819711,MONITOR,SHORT,SHORT,-31.7860,37.5660,0.8461,-0.9745,86762.10,0.00,False,86762.43,10.22,0.00,0.00,86763.08,86761.77,0.0163
2025-11-26T00:15:30.824676,MONITOR,SHORT,SHORT,-33.6930,39.4730,0.8536,-0.9745,86762.00,0.00,False,86762.00,34.12,0.00,0.00,86762.00,86762.00,0.0161
2025-11-26T00:15:38.159534,DECAY,SHORT,SHORT,-24.4860,41.7900,0.5859,-0.7902,86771.15,0.00,False,86771.15,50.00,50.00,50.00,86771.15,86771.15,0.0267
2025-11-26T00:16:02.537839,PREDICTION,SHORT,LONG,9.7350,9.7350,1.0000,0.9092,86804.55,0.75,True,86800.25,100.00,0.00,0.00,86802.30,86798.21,0.0652
2025-11-26T00:16:02.854718,MONITOR,LONG,LONG,12.7980,12.7980,1.0000,0.5742,86809.25,0.00,False,86809.25,100.00,0.00,0.00,86809.25,86809.25,0.0054
2025-11-26T00:16:06.564647,DECAY,LONG,LONG,9.3260,16.2700,0.5732,-0.0711,86798.05,0.00,False,86804.31,0.00,50.00,50.00,86814.63,86793.99,-0.0075
2025-11-26T00:16:06.578226,DECAY,LONG,LONG,7.0090,18.5870,0.3771,-0.0711,86797.85,0.00,False,86797.85,23.56,0.00,0.00,86797.85,86797.85,-0.0077
2025-11-26T00:16:17.055808,DECAY,LONG,LONG,9.0560,20.6340,0.4389,-0.2947,86803.15,0.00,False,86797.84,79.39,50.00,50.00,86804.80,86790.88,-0.0016
2025-11-26T00:16:17.060608,DECAY,LONG,LONG,11.7760,23.3540,0.5042,-0.2947,86803.70,0.00,False,86800.86,80.92,39.11,39.11,86807.46,86794.25,-0.0010
2025-11-26T00:16:17.104542,DECAY,LONG,LONG,14.1130,25.6910,0.5493,-0.2947,86806.55,0.00,False,86805.59,100.00,0.00,0.00,86806.85,86804.33,0.0023
2025-11-26T00:16:22.940120,DECAY,LONG,LONG,18.2580,29.8360,0.6119,0.3427,86822.95,0.00,False,86822.95,50.00,50.00,50.00,86822.95,86822.95,0.0212
2025-11-26T00:16:24.190603,MONITOR,LONG,LONG,23.1440,34.7220,0.6666,0.3750,86844.45,0.00,False,86844.50,71.09,14.90,14.90,86845.63,86843.36,0.0460
2025-11-26T00:16:26.503704,MONITOR,LONG,LONG,24.6440,36.2220,0.6804,0.1619,86854.05,0.00,False,86854.05,50.00,50.00,50.00,86854.05,86854.05,0.0570
2025-11-26T00:16:32.168372,MONITOR,LONG,LONG,24.6400,36.2180,0.6803,-0.4044,86858.25,0.00,False,86858.25,50.00,50.00,50.00,86858.25,86858.25,0.0619
2025-11-26T00:16:33.260846,DECAY,LONG,LONG,19.7240,31.3020,0.6301,-0.3001,86858.25,0.00,False,86858.25,50.00,50.00,50.00,86858.25,86858.25,0.0619
2025-11-26T00:16:43.748830,MONITOR,LONG,LONG,22.6800,28.3460,0.8001,-0.4575,86894.45,0.00,False,86894.45,50.00,50.00,50.00,86894.45,86894.45,0.1036
2025-11-26T00:16:46.217864,DECAY,LONG,LONG,19.9280,31.0980,0.6408,0.4828,86899.95,0.00,False,86899.95,50.00,50.00,50.00,86899.95,86899.95,0.1099
2025-11-26T00:16:47.623231,DECAY,LONG,LONG,9.6570,20.8270,0.4637,0.9808,86909.95,0.00,False,86909.95,50.00,50.00,50.00,86909.95,86909.95,0.1214
2025-11-26T00:16:48.657134,DECAY,LONG,LONG,11.1280,22.2980,0.4991,0.9481,86916.95,0.00,False,86916.95,50.00,50.00,50.00,86916.95,86916.95,0.1295
2025-11-26T00:16:50.446281,DECAY,LONG,LONG,12.9240,24.0940,0.5364,0.4490,86919.95,0.00,False,86919.81,100.00,0.00,0.00,86920.12,86919.51,0.1329
2025-11-26T00:16:51.646589,DECAY,LONG,LONG,14.8460,26.0160,0.5706,0.9164,86933.15,0.00,False,86930.77,94.18,100.00,100.00,86934.65,86926.89,0.1481
2025-11-26T00:16:52.899405,DECAY,LONG,LONG,12.5260,28.3360,0.4421,-0.9636,86925.60,0.00,False,86925.60,0.00,0.00,0.00,86925.60,86925.60,0.1395
2025-11-26T00:16:57.986571,DECAY,LONG,LONG,3.0790,18.8890,0.1630,-0.9493,86927.45,0.00,False,86928.29,0.00,50.00,50.00,86929.33,86927.26,0.1416
2025-11-26T00:17:00.201608,DECAY,LONG,LONG,5.0790,20.8890,0.2431,-0.9960,86904.95,0.00,False,86905.11,0.00,0.00,0.00,86905.27,86904.95,0.1157
2025-11-26T00:17:01.423993,DECAY,LONG,LONG,3.6160,22.3520,0.1618,-0.1620,86904.95,0.00,False,86904.95,50.00,50.00,50.00,86904.95,86904.95,0.1157
2025-11-26T00:17:04.606859,DECAY,LONG,LONG,5.7870,24.5230,0.2360,0.5273,86920.95,0.00,False,86920.95,100.00,0.00,0.00,86920.95,86920.95,0.1341
2025-11-26T00:17:10.030043,DECAY,LONG,LONG,7.9590,26.6950,0.2981,0.8490,86922.05,0.00,False,86922.05,50.00,50.00,50.00,86922.05,86922.05,0.1354
2025-11-26T00:17:15.782687,DECAY,LONG,LONG,12.0860,25.1560,0.4804,0.7952,86920.95,0.00,False,86920.95,50.00,50.00,50.00,86920.95,86920.95,0.1341
2025-11-26T00:17:19.955731,DECAY,LONG,LONG,8.7530,20.3570,0.4300,-0.9722,86960.65,0.00,False,86960.65,0.00,0.00,0.00,86960.65,86960.65,0.1798
2025-11-26T00:17:19.966752,DECAY,LONG,LONG,5.0090,24.1010,0.2078,-0.9722,86959.75,0.00,False,86959.82,2.51,0.00,0.00,86959.97,86959.68,0.1788
2025-11-26T00:17:20.047789,DECAY,LONG,LONG,2.5390,26.5710,0.0956,-0.5766,86959.05,0.00,False,86959.49,11.27,67.33,67.33,86960.12,86958.86,0.1780
2025-11-26T00:17:20.058252,DECAY,LONG,LONG,0.9600,28.1500,0.0341,-0.5766,86957.65,0.00,False,86957.65,0.00,0.00,0.00,86957.65,86957.65,0.1764
2025-11-26T00:17:20.062167,DECAY,LONG,SHORT,-0.0950,29.2050,0.0033,-0.5766,86956.25,0.00,False,86956.25,0.00,0.00,0.00,86956.25,86956.25,0.1748
2025-11-26T00:17:23.210991,DECAY,LONG,SHORT,-3.0840,24.7580,0.1246,-0.8595,86991.35,0.00,False,86991.35,0.00,0.00,0.00,86991.35,86991.35,0.2152
2025-11-26T00:17:23.254399,DECAY,LONG,SHORT,-5.1870,26.8610,0.1931,-0.8595,86990.65,0.00,False,86991.28,0.00,0.00,0.00,86991.71,86990.85,0.2144
2025-11-26T00:17:24.113191,DECAY,LONG,SHORT,-3.3480,28.7000,0.1167,0.8290,87000.10,0.00,False,86999.96,100.00,50.00,50.00,87000.06,86999.87,0.2253
2025-11-26T00:17:25.551201,DECAY,LONG,SHORT,-4.4040,29.7560,0.1480,0.3916,87015.55,0.00,False,87015.55,0.00,0.00,0.00,87015.55,87015.55,0.2431
2025-11-26T00:17:25.556894,DECAY,LONG,SHORT,-7.6150,32.9670,0.2310,-0.9859,87011.85,0.00,False,87012.63,2.61,0.00,17.94,87014.68,87010.58,0.2388
2025-11-26T00:17:25.567087,DECAY,LONG,SHORT,-10.9800,36.3320,0.3022,-0.9859,87010.15,0.00,False,87010.15,0.00,0.00,0.00,87010.15,87010.15,0.2369
2025-11-26T00:17:27.658127,DECAY,LONG,SHORT,-9.5480,37.7640,0.2528,0.1125,87020.35,0.00,False,87019.79,100.00,50.00,50.00,87020.54,87019.04,0.2486
2025-11-26T00:17:30.397314,DECAY,LONG,SHORT,-14.6320,36.6800,0.3989,-0.3160,87014.25,0.00,False,87014.25,50.00,50.00,50.00,87014.25,87014.25,0.2416
2025-11-26T00:17:31.223559,DECAY,LONG,SHORT,-8.9550,42.3570,0.2114,-0.6684,86996.15,0.00,False,86996.15,0.00,0.00,0.00,86996.15,86996.15,0.2207
2025-11-26T00:17:33.073601,DECAY,LONG,SHORT,-13.7720,47.1740,0.2919,0.1071,86985.65,0.00,False,86985.65,0.00,0.00,0.00,86985.65,86985.65,0.2086
2025-11-26T00:17:33.089122,DECAY,LONG,SHORT,-16.0890,49.4910,0.3251,0.1071,86973.30,0.00,False,86973.51,51.77,0.00,0.00,86974.01,86973.01,0.1944
2025-11-26T00:17:33.092664,DECAY,LONG,SHORT,-18.5900,51.9920,0.3576,0.1071,86973.30,0.00,False,86973.51,51.77,0.00,0.00,86974.01,86973.01,0.1944
2025-11-26T00:17:33.095401,DECAY,LONG,SHORT,-19.7600,53.1620,0.3717,0.1071,86973.30,0.00,False,86973.51,51.77,0.00,0.00,86974.01,86973.01,0.1944
2025-11-26T00:17:33.097928,DECAY,LONG,SHORT,-22.0820,55.4840,0.3980,0.1071,86963.25,0.00,False,86971.37,7.02,0.00,0.00,86979.71,86963.03,0.1828
2025-11-26T00:17:33.101342,PREDICTION,LONG,SHORT,-24.3990,57.8010,0.4221,0.1071,86962.90,0.55,True,86967.66,6.74,0.00,0.00,86978.13,86957.18,0.1824
2025-11-26T00:17:33.103513,PREDICTION,LONG,SHORT,-25.5670,58.9690,0.4336,0.1071,86962.90,0.55,True,86967.66,6.74,0.00,0.00,86978.13,86957.18,0.1824
2025-11-26T00:17:33.106162,PREDICTION,LONG,SHORT,-26.8260,60.2280,0.4454,0.1071,86962.90,0.55,True,86967.66,6.74,0.00,0.00,86978.13,86957.18,0.1824
2025-11-26T00:17:33.108575,PREDICTION,LONG,SHORT,-28.2230,61.6250,0.4580,0.1071,86962.90,0.55,True,86967.66,6.74,0.00,0.00,86978.13,86957.18,0.1824
2025-11-26T00:17:33.110544,PREDICTION,LONG,SHORT,-31.5220,64.9240,0.4855,0.1071,86962.90,0.55,True,86967.66,6.74,0.00,0.00,86978.13,86957.18,0.1824
2025-11-26T00:17:33.112728,PREDICTION,LONG,SHORT,-32.6880,66.0900,0.4946,0.1071,86962.90,0.55,True,86965.58,6.74,0.00,0.00,86974.73,86956.42,0.1824
2025-11-26T00:17:33.114638,PREDICTION,LONG,SHORT,-35.0050,68.4070,0.5117,0.1071,86962.90,0.55,True,86965.58,6.74,0.00,0.00,86974.73,86956.42,0.1824
2025-11-26T00:17:33.116650,PREDICTION,LONG,SHORT,-36.8500,70.2520,0.5245,0.1071,86962.90,0.55,True,86965.58,6.74,0.00,0.00,86974.73,86956.42,0.1824
2025-11-26T00:17:33.119246,PREDICTION,LONG,SHORT,-39.1710,72.5730,0.5397,0.1071,86962.90,0.55,True,86965.58,6.74,0.00,0.00,86974.73,86956.42,0.1824
2025-11-26T00:17:33.121343,PREDICTION,LONG,SHORT,-41.5080,74.9100,0.5541,0.1071,86962.90,0.55,True,86962.98,6.74,0.00,0.00,86963.26,86962.70,0.1824
2025-11-26T00:17:33.123450,PREDICTION,LONG,SHORT,-42.6850,76.0870,0.5610,0.1071,86962.90,0.55,True,86962.98,6.74,0.00,0.00,86963.26,86962.70,0.1824
2025-11-26T00:17:33.125398,PREDICTION,LONG,SHORT,-45.2260,78.6280,0.5752,0.1071,86962.90,0.55,True,86962.98,6.74,0.00,0.00,86963.26,86962.70,0.1824
2025-11-26T00:17:33.127138,PREDICTION,LONG,SHORT,-47.5430,80.9450,0.5873,0.1071,86962.90,0.55,True,86962.98,6.74,0.00,0.00,86963.26,86962.70,0.1824
2025-11-26T00:17:33.128799,PREDICTION,LONG,SHORT,-48.7630,82.1650,0.5935,0.1071,86962.90,0.55,True,86962.98,6.74,0.00,0.00,86963.26,86962.70,0.1824
2025-11-26T00:17:33.130694,PREDICTION,LONG,SHORT,-50.0460,83.4480,0.5997,0.1071,86962.90,0.55,True,86962.98,6.74,0.00,0.00,86963.26,86962.70,0.1824
2025-11-26T00:17:33.132295,PREDICTION,LONG,SHORT,-52.5650,85.9670,0.6115,0.1071,86962.90,0.55,True,86962.98,6.74,0.00,0.00,86963.26,86962.70,0.1824
2025-11-26T00:17:33.133875,PREDICTION,LONG,SHORT,-54.8820,88.2840,0.6217,0.1071,86962.90,0.55,True,86962.98,6.74,0.00,0.00,86963.26,86962.70,0.1824
2025-11-26T00:17:33.135517,PREDICTION,LONG,SHORT,-56.0170,89.4190,0.6265,0.1071,86962.90,0.55,True,86962.98,6.74,0.00,0.00,86963.26,86962.70,0.1824
2025-11-26T00:17:33.137121,PREDICTION,LONG,SHORT,-57.5230,90.9250,0.6326,0.1071,86962.90,0.55,True,86962.98,6.74,0.00,0.00,86963.26,86962.70,0.1824
2025-11-26T00:17:33.144556,PREDICTION,LONG,SHORT,-58.7920,92.1940,0.6377,-0.7006,86960.05,0.75,True,86960.78,45.68,100.00,66.67,86965.66,86955.89,0.1791
2025-11-26T00:17:33.158207,PREDICTION,LONG,SHORT,-60.3280,93.7300,0.6436,-0.7006,86945.80,0.75,True,86945.80,9.83,0.00,0.00,86945.80,86945.80,0.1627
2025-11-26T00:17:33.253610,PREDICTION,LONG,SHORT,-63.0780,96.4800,0.6538,-0.6189,86945.75,0.75,True,86945.75,0.00,0.00,0.00,86945.75,86945.75,0.1627
2025-11-26T00:17:33.266931,PREDICTION,LONG,SHORT,-59.5170,100.0410,0.5949,-0.6189,86945.75,0.75,True,86945.75,0.00,0.00,0.00,86945.75,86945.75,0.1627
2025-11-26T00:17:33.268868,PREDICTION,LONG,SHORT,-56.4520,103.1060,0.5475,-0.6189,86945.75,0.75,True,86945.75,0.00,0.00,0.00,86945.75,86945.75,0.1627
2025-11-26T00:17:33.292857,PREDICTION,LONG,SHORT,-53.5540,106.0040,0.5052,0.0158,86946.30,0.55,True,86946.21,100.00,100.00,100.00,86946.41,86946.01,0.1633
2025-11-26T00:17:33.384376,PREDICTION,LONG,SHORT,-52.3910,107.1670,0.4889,0.0158,86949.80,0.55,True,86949.63,100.00,0.00,0.00,86949.84,86949.42,0.1673
2025-11-26T00:17:33.433042,PREDICTION,LONG,SHORT,-51.1020,108.4560,0.4712,0.9270,86958.90,0.55,True,86957.83,100.00,0.00,0.00,86958.56,86957.10,0.1778
2025-11-26T00:17:37.883624,PREDICTION,LONG,SHORT,-69.6100,118.3900,0.5880,0.5483,86952.65,0.55,True,86952.65,50.00,50.00,50.00,86952.65,86952.65,0.1706
2025-11-26T00:17:37.888006,PREDICTION,LONG,SHORT,-70.6100,119.3900,0.5914,0.5483,86952.65,0.55,True,86952.65,50.00,50.00,50.00,86952.65,86952.65,0.0000
2025-11-26T00:17:37.892899,PREDICTION,LONG,SHORT,-75.1020,119.5380,0.6283,0.5483,86952.65,0.55,True,86952.65,50.00,50.00,50.00,86952.65,86952.65,0.0000
2025-11-26T00:17:37.902884,PREDICTION,LONG,SHORT,-78.7150,120.5630,0.6529,0.5483,86927.65,0.55,True,86946.60,0.00,50.00,50.00,86968.13,86925.07,-0.0288
2025-11-26T00:17:37.906402,PREDICTION,LONG,SHORT,-79.2050,121.0530,0.6543,0.5483,86927.65,0.55,True,86946.60,0.00,50.00,50.00,86968.13,86925.07,-0.0288
2025-11-26T00:17:37.909343,PREDICTION,LONG,SHORT,-77.7780,119.6260,0.6502,0.5483,86946.35,0.55,True,86937.15,59.93,97.83,98.02,86956.67,86917.64,-0.0072
2025-11-26T00:17:37.911949,PREDICTION,LONG,SHORT,-77.6420,119.4900,0.6498,0.5483,86946.35,0.55,True,86937.15,59.93,97.83,98.02,86956.67,86917.64,-0.0072
2025-11-26T00:17:37.914618,PREDICTION,LONG,SHORT,-77.5350,119.3830,0.6495,0.5483,86946.40,0.55,True,86946.37,60.48,100.00,100.00,86946.41,86946.32,-0.0072
2025-11-26T00:17:37.916416,PREDICTION,LONG,SHORT,-78.8010,120.6490,0.6531,0.5483,86946.40,0.55,True,86946.37,60.48,100.00,100.00,86946.41,86946.32,-0.0072
2025-11-26T00:17:37.918564,PREDICTION,LONG,SHORT,-78.7110,120.5590,0.6529,0.5483,86946.40,0.55,True,86946.37,60.48,100.00,100.00,86946.41,86946.32,-0.0072
2025-11-26T00:17:37.920359,PREDICTION,LONG,SHORT,-80.0890,121.9370,0.6568,0.5483,86946.40,0.55,True,86946.37,60.48,100.00,100.00,86946.41,86946.32,-0.0072
2025-11-26T00:17:37.923650,PREDICTION,LONG,SHORT,-84.5150,122.6850,0.6889,0.5483,86946.40,0.55,True,86946.40,60.48,0.00,0.00,86946.42,86946.38,-0.0072
2025-11-26T00:17:37.926449,PREDICTION,LONG,SHORT,-87.0670,125.2370,0.6952,0.5483,86944.85,0.55,True,86946.13,0.15,0.00,0.00,86947.11,86945.14,-0.0090
2025-11-26T00:17:37.930295,PREDICTION,LONG,SHORT,-85.6740,123.8440,0.6918,-0.8410,86943.05,0.75,True,86944.39,0.00,0.00,0.00,86945.85,86942.93,-0.0110
2025-11-26T00:17:39.671890,PREDICTION,LONG,SHORT,-77.2670,125.5210,0.6156,-0.8430,86908.15,0.75,True,86908.15,50.00,50.00,50.00,86908.15,86908.15,-0.0512
2025-11-26T00:17:41.352321,PREDICTION,LONG,SHORT,-79.8490,125.2390,0.6376,-0.8152,86893.55,0.75,True,86893.70,0.00,0.00,0.00,86893.88,86893.52,-0.0680
2025-11-26T00:17:47.511363,PREDICTION,LONG,SHORT,-76.6140,124.4740,0.6155,0.8605,86892.75,0.55,True,86892.75,50.00,50.00,50.00,86892.75,86892.75,-0.0689
2025-11-26T00:17:48.851074,PREDICTION,LONG,SHORT,-79.1250,121.9630,0.6488,-0.9793,86885.45,0.75,True,86885.45,0.00,0.00,0.00,86885.45,86885.45,-0.0084
2025-11-26T00:17:50.896950,PREDICTION,LONG,SHORT,-74.8000,117.6380,0.6358,0.3618,86889.05,0.55,True,86889.05,50.00,50.00,50.00,86889.05,86889.05,-0.0043
2025-11-26T00:18:00.131444,PREDICTION,LONG,SHORT,-74.0460,116.8840,0.6335,-0.8140,86885.15,0.75,True,86885.15,0.00,0.00,0.00,86885.15,86885.15,-0.0087
2025-11-26T00:18:00.590791,PREDICTION,LONG,SHORT,-72.7090,115.5470,0.6293,-0.6760,86874.35,0.75,True,86877.04,0.00,50.00,50.00,86879.39,86874.69,-0.0124
2025-11-26T00:18:01.154907,PREDICTION,LONG,SHORT,-79.1860,122.0240,0.6489,0.0372,86857.70,0.55,True,86865.94,0.00,50.00,50.00,86877.66,86854.22,-0.0316
2025-11-26T00:18:01.162810,PREDICTION,LONG,SHORT,-79.2450,122.0830,0.6491,0.0372,86854.80,0.55,True,86855.56,0.00,0.00,0.00,86857.47,86853.65,-0.0349
2025-11-26T00:18:05.876697,PREDICTION,LONG,SHORT,-54.9510,73.8370,0.7442,-0.0882,86856.45,0.55,True,86860.81,0.00,50.00,50.00,86866.33,86855.30,-0.0330
2025-11-26T00:18:08.926441,DECAY,LONG,SHORT,-12.5870,31.4730,0.3999,-0.6561,86855.55,0.00,False,86855.55,50.00,50.00,50.00,86855.55,86855.55,-0.0010
2025-11-26T00:18:16.029410,PREDICTION,LONG,SHORT,-18.0390,26.8410,0.6721,0.2037,86858.95,0.55,True,86858.95,50.00,50.00,50.00,86858.95,86858.95,0.0029
2025-11-26T00:18:19.224118,PREDICTION,LONG,SHORT,-20.9330,23.9470,0.8741,0.8988,86851.05,0.80,True,86851.05,50.00,50.00,50.00,86851.05,86851.05,-0.0091
2025-11-26T00:18:25.077259,MONITOR,SHORT,SHORT,-22.1780,25.1920,0.8804,-0.7572,86875.75,0.00,False,86875.75,50.00,50.00,50.00,86875.75,86875.75,0.0193
2025-11-26T00:18:26.303435,MONITOR,SHORT,SHORT,-18.8650,28.5050,0.6618,-0.1344,86875.75,0.00,False,86875.75,50.00,50.00,50.00,86875.75,86875.75,0.0193
2025-11-26T00:18:28.549186,MONITOR,SHORT,SHORT,-19.8650,29.5050,0.6733,0.1637,86880.45,0.00,False,86880.45,100.00,0.00,0.00,86880.45,86880.45,0.0248
2025-11-26T00:18:33.470947,DECAY,SHORT,SHORT,-5.6020,18.2580,0.3068,0.9901,86917.15,0.00,False,86917.15,99.95,0.00,0.00,86917.15,86917.15,0.0670
2025-11-26T00:18:34.143201,DECAY,SHORT,SHORT,-7.5950,20.2510,0.3750,-0.5736,86915.65,0.00,False,86916.73,0.00,50.00,50.00,86918.19,86915.26,0.0653
2025-11-26T00:18:35.099964,DECAY,SHORT,SHORT,-5.0740,22.7720,0.2228,-0.8975,86912.75,0.00,False,86912.75,50.00,50.00,50.00,86912.75,86912.75,0.0619
2025-11-26T00:18:35.950038,DECAY,SHORT,LONG,1.0280,19.4220,0.0529,0.7015,86916.35,0.00,False,86916.35,48.15,100.00,100.00,86916.35,86916.35,0.0661
2025-11-26T00:18:50.414182,DECAY,SHORT,LONG,1.3620,16.0740,0.0847,-0.7961,86942.45,0.00,False,86942.45,0.00,0.00,0.00,86942.45,86942.45,0.0961
2025-11-26T00:18:50.914518,DECAY,SHORT,LONG,3.2420,17.9540,0.1806,-0.4749,86936.05,0.00,False,86936.05,50.00,50.00,50.00,86936.05,86936.05,0.0888
2025-11-26T00:18:54.090406,DECAY,SHORT,LONG,4.2420,18.9540,0.2238,-0.2627,86934.75,0.00,False,86934.75,50.00,50.00,50.00,86934.75,86934.75,0.0873
2025-11-26T00:19:00.622110,DECAY,SHORT,SHORT,-0.5050,17.0750,0.0296,-0.7808,86943.85,0.00,False,86943.85,50.00,50.00,50.00,86943.85,86943.85,0.0977
2025-11-26T00:19:00.644380,DECAY,SHORT,SHORT,-4.1220,20.6920,0.1992,-0.7808,86943.15,0.00,False,86943.15,50.00,50.00,50.00,86943.15,86943.15,0.0969
2025-11-26T00:19:05.608309,DECAY,SHORT,SHORT,-5.1550,15.6730,0.3289,-0.2059,86997.85,0.00,False,86997.85,50.00,50.00,50.00,86997.85,86997.85,0.1599
2025-11-26T00:19:08.224975,DECAY,SHORT,SHORT,-5.2390,15.5890,0.3361,0.8961,87000.05,0.00,False,87000.02,100.00,0.00,50.00,87000.11,86999.94,0.1624
2025-11-26T00:19:10.180939,DECAY,SHORT,SHORT,-6.4480,16.7980,0.3839,-0.2134,87010.05,0.00,False,87010.44,0.00,50.00,50.00,87011.05,87009.83,0.1740
2025-11-26T00:19:12.422984,DECAY,SHORT,SHORT,-7.4480,17.7980,0.4185,-0.5249,86977.25,0.00,False,86977.25,59.78,0.00,0.00,86977.25,86977.25,0.1362
2025-11-26T00:19:12.427516,DECAY,SHORT,SHORT,-9.4390,19.7890,0.4770,-0.5249,86977.25,0.00,False,86977.25,59.78,0.00,50.00,86977.25,86977.25,0.1362
2025-11-26T00:19:12.429537,DECAY,SHORT,SHORT,-11.7630,22.1130,0.5319,-0.5249,86977.25,0.00,False,86977.25,59.78,0.00,50.00,86977.25,86977.25,0.1362
2025-11-26T00:19:12.431433,DECAY,SHORT,SHORT,-12.7810,23.1310,0.5525,-0.5249,86977.25,0.00,False,86977.25,59.78,0.00,50.00,86977.25,86977.25,0.1362
2025-11-26T00:19:12.433005,DECAY,SHORT,SHORT,-15.1020,25.4520,0.5934,-0.5249,86977.25,0.00,False,86977.25,59.78,0.00,50.00,86977.25,86977.25,0.1362
2025-11-26T00:19:12.436204,DECAY,SHORT,SHORT,-17.4920,27.8420,0.6283,-0.5249,86973.00,0.00,False,86974.27,0.01,0.00,0.00,86978.24,86970.29,0.1313
2025-11-26T00:19:12.654061,MONITOR,SHORT,SHORT,-19.5190,29.8690,0.6535,-0.4436,86973.05,0.00,False,86973.05,50.00,50.00,50.00,86973.05,86973.05,0.1314
2025-11-26T00:19:14.357159,MONITOR,SHORT,SHORT,-20.5570,30.9070,0.6651,-0.9019,86971.05,0.00,False,86971.05,0.00,0.00,0.00,86971.05,86971.05,0.1291
2025-11-26T00:19:18.410072,MONITOR,SHORT,SHORT,-22.3780,32.7280,0.6838,-0.6344,86961.45,0.00,False,86961.45,0.00,0.00,0.00,86961.45,86961.45,0.1180
2025-11-26T00:19:22.676956,MONITOR,SHORT,SHORT,-21.0950,31.6850,0.6658,-0.7750,86957.05,0.00,False,86957.05,0.00,0.00,0.00,86957.05,86957.05,0.1129
2025-11-26T00:19:23.572166,MONITOR,SHORT,SHORT,-22.3660,32.9560,0.6787,-0.7070,86946.55,0.00,False,86950.07,0.00,50.00,50.00,86951.72,86948.41,0.1009
2025-11-26T00:19:27.117843,DECAY,SHORT,SHORT,-21.0990,34.2230,0.6165,-0.2639,86921.15,0.00,False,86921.15,100.00,0.00,0.00,86921.15,86921.15,0.0716
2025-11-26T00:19:27.261614,DECAY,SHORT,SHORT,-9.1530,46.1690,0.1982,0.2329,86921.75,0.00,False,86921.44,100.00,50.00,50.00,86922.03,86920.84,0.0723
2025-11-26T00:19:39.818030,DECAY,SHORT,SHORT,-3.3550,35.7810,0.0938,-0.5516,86918.05,0.00,False,86918.14,0.00,0.00,0.00,86918.44,86917.85,0.0680
2025-11-26T00:19:39.837425,DECAY,SHORT,SHORT,-4.6380,37.0640,0.1251,-0.9977,86917.65,0.00,False,86917.72,0.00,0.00,0.00,86917.87,86917.57,0.0676
2025-11-26T00:19:46.790165,PREDICTION,SHORT,LONG,13.6420,24.7080,0.5521,0.6363,86958.65,0.75,True,86958.30,100.00,0.00,0.00,86959.09,86957.51,0.1148
2025-11-26T00:20:00.217520,DECAY,SHORT,SHORT,-2.6640,8.5880,0.3102,-0.5525,86951.70,0.00,False,86952.75,0.00,0.00,0.00,86954.45,86951.05,-0.0080
